1,-1.33,-3.14,-1.33,0.00,0.00,0,0,0,0,0,0,6636,7
2,-1.22,-3.22,-1.22,0.00,0.00,26,1,15,11,49,14,11637,7
3,-1.33,-3.26,-1.33,0.00,0.00,26,1,15,11,49,18,16638,7
4,-1.29,-3.10,-1.29,0.00,0.00,26,1,15,11,49,24,21639,7
5,-1.33,-3.14,-1.33,0.00,0.00,26,1,15,11,49,28,26640,7
6,-1.37,-3.18,-1.37,0.00,0.00,26,1,15,11,49,34,31641,7
7,-1.37,-3.18,-1.37,0.00,0.00,26,1,15,11,49,38,36642,7
8,-1.37,-3.02,-1.37,0.00,0.00,26,1,15,11,49,44,41644,7
9,-1.33,-3.22,-1.33,0.00,0.00,26,1,15,11,49,48,46645,7
10,-1.29,-3.14,-1.29,0.00,0.00,26,1,15,11,49,55,51647,7
11,-1.33,-3.18,-1.33,0.00,0.00,26,1,15,11,49,59,56648,7
12,-1.26,-3.14,-1.26,0.00,0.00,26,1,15,11,50,5,61650,7
13,-1.45,-3.26,-1.45,0.00,0.00,26,1,15,11,50,9,66652,7
14,-1.41,-3.14,-1.41,0.00,0.00,26,1,15,11,50,15,71653,7
15,-1.26,-3.18,-1.26,0.00,0.00,26,1,15,11,50,18,76655,7
16,-1.29,-3.18,-1.29,0.00,0.00,26,1,15,11,50,25,81655,7
17,-1.26,-3.14,-1.26,0.00,0.00,26,1,15,11,50,29,86657,7
18,-1.33,-3.26,-1.33,0.00,0.00,26,1,15,11,50,35,91658,7
19,-1.18,-2.67,-1.18,5101.72,1343.48,26,1,15,11,50,39,96660,7
20,-1.06,-2.67,-1.06,5101.72,1343.48,26,1,15,11,50,45,101660,7
21,-1.14,-2.55,-1.14,5101.72,1343.48,26,1,15,11,50,49,106662,7
22,-1.06,-2.59,-1.06,5101.72,1343.47,26,1,15,11,50,55,111662,7
23,-1.14,-2.59,-1.14,5101.72,1343.47,26,1,15,11,50,59,116663,7
24,-1.02,-2.59,-1.02,5101.72,1343.47,26,1,15,11,51,5,121665,7
25,-1.14,-2.59,-1.14,5101.72,1343.47,26,1,15,11,51,9,126665,7
26,-1.14,-2.63,-1.14,5101.72,1343.47,26,1,15,11,51,15,131667,7
27,-1.06,-2.71,-1.06,5101.72,1343.47,26,1,15,11,51,19,136668,7
28,-1.06,-2.59,-1.06,5101.72,1343.47,26,1,15,11,51,25,141670,7
29,-1.14,-2.55,-1.14,5101.72,1343.47,26,1,15,11,51,29,146671,7
30,-1.14,-2.59,-1.14,5101.72,1343.47,26,1,15,11,51,35,151672,7
31,-0.86,-2.67,-0.86,5101.72,1343.47,26,1,15,11,51,39,156673,7
32,-0.98,-2.55,-0.98,5101.73,1343.47,26,1,15,11,51,45,161674,7
33,-1.14,-2.67,-1.14,5101.73,1343.47,26,1,15,11,51,49,166675,7
34,-1.06,-2.59,-1.06,5101.73,1343.46,26,1,15,11,51,55,171676,7
35,-1.06,-2.71,-1.06,5101.73,1343.46,26,1,15,11,51,59,176678,7
36,-1.06,-2.63,-1.06,5101.73,1343.46,26,1,15,11,52,5,181679,7
37,-1.02,-2.67,-1.02,5101.73,1343.46,26,1,15,11,52,9,186681,7
38,-1.06,-2.59,-1.06,5101.73,1343.46,26,1,15,11,52,15,191682,7
39,-1.02,-2.59,-1.02,5101.73,1343.46,26,1,15,11,52,19,196684,7
40,-1.06,-2.63,-1.06,5101.73,1343.46,26,1,15,11,52,25,201686,7
41,-1.10,-2.63,-1.10,5101.73,1343.46,26,1,15,11,52,29,206686,7
42,-1.02,-2.51,-1.02,5101.72,1343.46,26,1,15,11,52,35,211687,7
43,-1.06,-2.63,-1.06,5101.72,1343.47,26,1,15,11,52,39,216688,7
44,-1.10,-2.59,-1.10,5101.72,1343.47,26,1,15,11,52,45,221690,7
45,-1.14,-2.63,-1.14,5101.72,1343.47,26,1,15,11,52,49,226691,7
46,-1.10,-2.59,-1.10,5101.71,1343.47,26,1,15,11,52,55,231692,7
47,-1.14,-2.55,-1.14,5101.71,1343.47,26,1,15,11,52,59,236694,7
48,-1.06,-2.59,-1.06,5101.71,1343.47,26,1,15,11,53,5,241695,7
49,-1.22,-2.55,-1.22,5101.71,1343.46,26,1,15,11,53,9,246697,7
50,-1.06,-2.67,-1.06,5101.72,1343.46,26,1,15,11,53,15,251697,7
51,-1.06,-2.63,-1.06,5101.72,1343.46,26,1,15,11,53,19,256698,7
52,-1.14,-2.55,-1.14,5101.72,1343.46,26,1,15,11,53,25,261700,7
53,-1.10,-2.59,-1.10,5101.72,1343.46,26,1,15,11,53,29,266701,7
54,-1.02,-2.59,-1.02,5101.72,1343.46,26,1,15,11,53,35,271704,7
1,-1.06,-2.59,-1.06,0.00,0.00,0,0,0,0,0,0,6238,7
2,-1.06,-2.51,-1.06,5101.72,1343.47,26,1,15,11,53,55,11239,7
3,-0.98,-2.67,-0.98,5101.72,1343.47,26,1,15,11,53,59,16241,7
4,-1.10,-2.55,-1.10,5101.72,1343.48,26,1,15,11,54,6,21243,7
5,-1.10,-2.63,-1.10,5101.72,1343.48,26,1,15,11,54,9,26244,7
6,-1.02,-2.71,-1.02,5101.72,1343.49,26,1,15,11,54,15,31246,7
7,-1.14,-2.75,-1.14,5101.72,1343.48,26,1,15,11,54,19,36247,7
8,-1.18,-2.63,-1.18,5101.72,1343.48,26,1,15,11,54,26,41248,7
1,-1.06,-2.67,-1.06,0.00,0.00,0,0,0,0,0,0,6238,7
2,-1.10,-2.63,-1.10,5101.71,1343.47,26,1,15,11,54,50,11239,7
3,-1.14,-2.63,-1.14,5101.71,1343.48,26,1,15,11,54,54,16240,7
4,-1.18,-2.75,-1.18,5101.71,1343.48,26,1,15,11,55,0,21241,7
5,-1.14,-2.67,-1.14,5101.71,1343.48,26,1,15,11,55,4,26242,7
6,-1.06,-2.63,-1.06,5101.71,1343.49,26,1,15,11,55,8,28500,3
7,-1.18,-2.55,-1.18,5101.71,1343.49,26,1,15,11,55,8,28668,3
8,-1.02,-2.67,-1.02,5101.71,1343.49,26,1,15,11,55,8,28724,3
9,-1.02,-2.55,-1.02,5101.71,1343.49,26,1,15,11,55,8,28972,3
10,-0.98,-2.67,-0.98,5101.70,1343.49,26,1,15,11,55,10,31243,7
11,-1.14,-2.55,-1.14,5101.70,1343.49,26,1,15,11,55,12,32553,3
12,-1.14,-2.63,-1.14,5101.70,1343.49,26,1,15,11,55,12,32610,3
13,-0.98,-2.79,-0.98,5101.70,1343.49,26,1,15,11,55,12,32851,3
14,-1.06,-2.67,-1.06,5101.70,1343.49,26,1,15,11,55,12,32901,3
15,-1.06,-2.63,-1.06,5101.70,1343.49,26,1,15,11,55,12,32986,3
16,-1.06,-2.67,-1.06,5101.70,1343.49,26,1,15,11,55,12,33072,3
17,-1.14,-2.59,-1.14,5101.70,1343.49,26,1,15,11,55,12,33838,3
18,-1.02,-2.67,-1.02,5101.70,1343.49,26,1,15,11,55,12,33927,3
19,-1.10,-2.79,-1.10,5101.70,1343.49,26,1,15,11,55,12,34017,3
20,-1.02,-2.63,-1.02,5101.70,1343.49,26,1,15,11,55,12,34135,3
21,-0.98,-2.63,-0.98,5101.70,1343.49,26,1,15,11,55,12,34219,3
22,-1.14,-2.59,-1.14,5101.70,1343.49,26,1,15,11,55,14,34420,3
23,-1.06,-2.63,-1.06,5101.70,1343.49,26,1,15,11,55,14,36245,7
24,-1.06,-2.59,-1.06,5101.70,1343.49,26,1,15,11,55,16,37923,3
25,-1.06,-2.67,-1.06,5101.70,1343.49,26,1,15,11,55,20,40451,3
26,-1.14,-2.59,-1.14,5101.70,1343.49,26,1,15,11,55,20,40926,3
27,-1.14,-2.67,-1.14,5101.70,1343.49,26,1,15,11,55,20,40975,3
28,-0.94,-2.75,-0.94,5101.70,1343.49,26,1,15,11,55,20,41185,3
29,-0.98,-2.63,-0.98,5101.70,1343.49,26,1,15,11,55,20,41246,7
30,-1.06,-2.75,-1.06,5101.70,1343.49,26,1,15,11,55,20,42271,3
31,-1.02,-2.63,-1.02,5101.70,1343.49,26,1,15,11,55,22,43753,3
32,-0.98,-2.63,-0.98,5101.70,1343.49,26,1,15,11,55,24,46246,7
33,-1.06,-2.71,-1.06,5101.70,1343.50,26,1,15,11,55,26,47495,3
34,-1.10,-2.67,-1.10,5101.70,1343.50,26,1,15,11,55,26,47605,3
35,-1.06,-2.59,-1.06,5101.70,1343.50,26,1,15,11,55,28,49927,3
36,-1.02,-2.67,-1.02,5101.70,1343.50,26,1,15,11,55,28,49976,3
37,-1.14,-2.59,-1.14,5101.70,1343.50,26,1,15,11,55,28,50061,3
38,-1.06,-2.59,-1.06,5101.70,1343.50,26,1,15,11,55,28,50147,3
39,-1.02,-2.67,-1.02,5101.70,1343.50,26,1,15,11,55,28,50232,3
40,-1.02,-2.75,-1.02,5101.70,1343.50,26,1,15,11,55,30,50577,3
41,-0.98,-2.63,-0.98,5101.70,1343.50,26,1,15,11,55,30,50685,3
42,-1.06,-2.59,-1.06,5101.70,1343.50,26,1,15,11,55,30,50735,3
43,-1.06,-2.71,-1.06,5101.70,1343.50,26,1,15,11,55,30,51088,3
44,-1.02,-2.63,-1.02,5101.70,1343.50,26,1,15,11,55,30,51184,3
45,-1.18,-2.71,-1.18,5101.70,1343.50,26,1,15,11,55,30,51248,7
46,-0.98,-2.67,-0.98,5101.70,1343.50,26,1,15,11,55,32,54113,3
47,-1.06,-2.67,-1.06,5101.70,1343.50,26,1,15,11,55,34,56154,3
48,-1.14,-2.71,-1.14,5101.70,1343.50,26,1,15,11,55,34,56250,7
49,-1.06,-2.67,-1.06,5101.70,1343.50,26,1,15,11,55,36,58001,3
50,-0.98,-2.71,-0.98,5101.70,1343.50,26,1,15,11,55,36,58180,3
51,-0.98,-2.71,-0.98,5101.69,1343.50,26,1,15,11,55,38,58439,3
52,-0.98,-2.82,-0.98,5101.69,1343.50,26,1,15,11,55,38,59379,3
53,-1.14,-2.71,-1.14,5101.69,1343.50,26,1,15,11,55,40,60494,3
54,-0.98,-2.59,-0.98,5101.69,1343.50,26,1,15,11,55,40,61250,7
55,-0.98,-2.67,-0.98,5101.69,1343.50,26,1,15,11,55,40,61691,3
56,-1.10,-2.71,-1.10,5101.69,1343.50,26,1,15,11,55,40,61743,3
57,-1.14,-2.67,-1.14,5101.69,1343.50,26,1,15,11,55,40,61826,3
58,-1.06,-2.67,-1.06,5101.69,1343.50,26,1,15,11,55,40,61912,3
59,-1.10,-2.63,-1.10,5101.69,1343.50,26,1,15,11,55,40,61997,3
60,-1.10,-2.67,-1.10,5101.69,1343.50,26,1,15,11,55,40,62082,3
61,-1.02,-2.59,-1.02,5101.69,1343.50,26,1,15,11,55,40,62167,3
62,-1.10,-2.71,-1.10,5101.69,1343.50,26,1,15,11,55,40,62253,3
63,-1.06,-2.71,-1.06,5101.69,1343.50,26,1,15,11,55,42,62338,3
64,-1.06,-2.71,-1.06,5101.69,1343.50,26,1,15,11,55,42,62423,3
65,-1.06,-2.63,-1.06,5101.69,1343.50,26,1,15,11,55,42,62509,3
66,-1.14,-2.67,-1.14,5101.69,1343.50,26,1,15,11,55,42,62594,3
67,-1.02,-2.63,-1.02,5101.69,1343.50,26,1,15,11,55,42,62679,3
68,-1.02,-2.63,-1.02,5101.69,1343.50,26,1,15,11,55,42,62764,3
69,-1.02,-2.67,-1.02,5101.69,1343.50,26,1,15,11,55,42,62850,3
70,-1.02,-2.67,-1.02,5101.69,1343.50,26,1,15,11,55,42,62935,3
71,-0.98,-2.71,-0.98,5101.69,1343.50,26,1,15,11,55,42,63020,3
72,-1.10,-2.63,-1.10,5101.69,1343.50,26,1,15,11,55,42,63106,3
73,-1.14,-2.67,-1.14,5101.69,1343.50,26,1,15,11,55,42,63191,3
74,-1.02,-2.67,-1.02,5101.69,1343.50,26,1,15,11,55,42,63276,3
75,-1.02,-2.63,-1.02,5101.69,1343.50,26,1,15,11,55,42,63361,3
76,-1.02,-2.67,-1.02,5101.69,1343.50,26,1,15,11,55,42,63447,3
77,-1.02,-2.71,-1.02,5101.69,1343.50,26,1,15,11,55,42,63532,3
78,-1.06,-2.71,-1.06,5101.69,1343.50,26,1,15,11,55,42,63617,3
79,-1.06,-2.67,-1.06,5101.69,1343.50,26,1,15,11,55,42,63703,3
80,-1.06,-2.75,-1.06,5101.69,1343.50,26,1,15,11,55,42,63788,3
81,-1.14,-2.67,-1.14,5101.69,1343.50,26,1,15,11,55,42,63873,3
82,-1.06,-2.59,-1.06,5101.69,1343.50,26,1,15,11,55,42,63958,3
83,-1.02,-2.67,-1.02,5101.69,1343.50,26,1,15,11,55,42,64044,3
84,-1.06,-2.67,-1.06,5101.69,1343.50,26,1,15,11,55,42,64129,3
85,-0.98,-2.71,-0.98,5101.69,1343.50,26,1,15,11,55,42,64214,3
86,-1.06,-2.67,-1.06,5101.69,1343.50,26,1,15,11,55,42,64299,3
87,-1.10,-2.71,-1.10,5101.69,1343.50,26,1,15,11,55,42,64385,3
88,-1.06,-2.67,-1.06,5101.69,1343.50,26,1,15,11,55,42,64470,3
89,-1.10,-2.63,-1.10,5101.69,1343.50,26,1,15,11,55,42,64555,3
90,-1.06,-2.63,-1.06,5101.69,1343.50,26,1,15,11,55,42,64641,3
91,-1.02,-2.71,-1.02,5101.69,1343.50,26,1,15,11,55,42,64726,3
92,-1.10,-2.71,-1.10,5101.69,1343.50,26,1,15,11,55,42,64811,3
93,-1.10,-2.63,-1.10,5101.69,1343.50,26,1,15,11,55,42,64896,3
94,-1.02,-2.63,-1.02,5101.69,1343.50,26,1,15,11,55,42,64982,3
95,-1.06,-2.71,-1.06,5101.69,1343.50,26,1,15,11,55,42,65067,3
96,-1.06,-2.71,-1.06,5101.69,1343.50,26,1,15,11,55,42,65152,3
97,-1.14,-2.71,-1.14,5101.69,1343.50,26,1,15,11,55,42,65238,3
98,-1.02,-2.63,-1.02,5101.69,1343.50,26,1,15,11,55,42,65323,3
99,-1.06,-2.67,-1.06,5101.69,1343.50,26,1,15,11,55,42,65408,3
100,-1.06,-2.59,-1.06,5101.69,1343.50,26,1,15,11,55,42,65501,3
101,-1.14,-2.63,-1.14,5101.69,1343.50,26,1,15,11,55,42,65580,3
102,-1.14,-2.71,-1.14,5101.69,1343.50,26,1,15,11,55,42,65666,3
103,-0.98,-2.71,-0.98,5101.69,1343.50,26,1,15,11,55,42,65752,3
104,-1.10,-2.63,-1.10,5101.69,1343.50,26,1,15,11,55,42,65839,3
105,-1.14,-2.71,-1.14,5101.69,1343.50,26,1,15,11,55,42,65925,3
106,-1.14,-2.67,-1.14,5101.69,1343.50,26,1,15,11,55,42,66011,3
107,-1.14,-2.67,-1.14,5101.69,1343.50,26,1,15,11,55,42,66097,3
108,-1.06,-2.63,-1.06,5101.69,1343.50,26,1,15,11,55,42,66184,3
109,-1.02,-2.71,-1.02,5101.69,1343.50,26,1,15,11,55,42,66270,3
110,-1.02,-2.71,-1.02,5101.69,1343.50,26,1,15,11,55,42,66326,7
111,-1.06,-2.63,-1.06,5101.69,1343.50,26,1,15,11,55,42,66432,3
112,-1.06,-2.75,-1.06,5101.69,1343.50,26,1,15,11,55,42,66518,3
113,-1.10,-2.71,-1.10,5101.69,1343.50,26,1,15,11,55,42,66604,3
114,-1.02,-2.82,-1.02,5101.69,1343.50,26,1,15,11,55,42,66690,3
115,-0.98,-2.67,-0.98,5101.69,1343.50,26,1,15,11,55,42,66777,3
116,-1.10,-2.71,-1.10,5101.69,1343.50,26,1,15,11,55,42,66863,3
117,-1.06,-2.63,-1.06,5101.69,1343.50,26,1,15,11,55,42,66949,3
118,-0.98,-2.71,-0.98,5101.69,1343.50,26,1,15,11,55,42,67036,3
119,-0.98,-2.67,-0.98,5101.69,1343.50,26,1,15,11,55,42,67122,3
120,-1.06,-2.67,-1.06,5101.69,1343.50,26,1,15,11,55,42,67208,3
121,-0.98,-2.59,-0.98,5101.69,1343.50,26,1,15,11,55,42,67294,3
122,-1.22,-2.71,-1.22,5101.69,1343.50,26,1,15,11,55,42,67381,3
123,-1.06,-2.59,-1.06,5101.69,1343.50,26,1,15,11,55,42,67467,3
124,-1.06,-2.71,-1.06,5101.69,1343.50,26,1,15,11,55,42,67553,3
125,-1.02,-2.67,-1.02,5101.69,1343.50,26,1,15,11,55,42,67640,3
126,-1.02,-2.67,-1.02,5101.69,1343.50,26,1,15,11,55,42,67726,3
127,-1.06,-2.59,-1.06,5101.69,1343.50,26,1,15,11,55,42,67812,3
128,-1.10,-2.63,-1.10,5101.69,1343.50,26,1,15,11,55,42,67899,3
129,-1.14,-2.67,-1.14,5101.69,1343.50,26,1,15,11,55,42,67985,3
130,-1.10,-2.63,-1.10,5101.69,1343.50,26,1,15,11,55,42,68071,3
131,-1.02,-2.67,-1.02,5101.69,1343.50,26,1,15,11,55,42,68157,3
132,-1.02,-3.26,-1.02,5101.68,1343.51,26,1,15,11,55,50,71173,3
133,-1.10,-2.71,-1.10,5101.68,1343.51,26,1,15,11,55,50,71328,7
134,-1.10,-2.75,-1.10,5101.68,1343.54,26,1,15,11,55,54,76328,7
135,-1.02,-2.71,-1.02,5101.68,1343.57,26,1,15,11,56,0,81329,7
136,-1.18,-2.71,-1.18,5101.68,1343.59,26,1,15,11,56,4,86330,7
137,-1.10,-2.86,-1.10,5101.68,1343.60,26,1,15,11,56,10,91332,7
138,-1.10,-2.71,-1.10,5101.67,1343.59,26,1,15,11,56,14,96332,7
139,-1.18,-2.75,-1.18,5101.68,1343.58,26,1,15,11,56,20,101334,7
140,-1.06,-2.75,-1.06,5101.67,1343.58,26,1,15,11,56,25,106334,7
141,-1.06,-2.79,-1.06,5101.68,1343.58,26,1,15,11,56,31,111335,7
142,-1.10,-2.82,-1.10,5101.68,1343.57,26,1,15,11,56,34,116337,7
143,-1.02,-2.82,-1.02,5101.68,1343.56,26,1,15,11,56,41,121339,7
144,-1.14,-2.75,-1.14,5101.68,1343.56,26,1,15,11,56,45,126339,7
145,-1.18,-2.75,-1.18,5101.68,1343.56,26,1,15,11,56,51,131340,7
146,-1.14,-2.75,-1.14,5101.68,1343.56,26,1,15,11,56,55,136342,7
147,-1.10,-2.67,-1.10,5101.68,1343.55,26,1,15,11,57,1,141343,7
148,-1.10,-2.75,-1.10,5101.68,1343.55,26,1,15,11,57,5,146344,7
149,-1.10,-2.71,-1.10,5101.68,1343.55,26,1,15,11,57,11,151344,7
150,-0.94,-2.82,-0.94,5101.68,1343.54,26,1,15,11,57,14,156346,7
151,-1.02,-2.86,-1.02,5101.68,1343.54,26,1,15,11,57,21,161347,7
152,-0.98,-2.79,-0.98,5101.68,1343.53,26,1,15,11,57,25,166348,7
153,-1.10,-2.82,-1.10,5101.69,1343.52,26,1,15,11,57,31,171350,7
154,-0.94,-2.75,-0.94,5101.69,1343.52,26,1,15,11,57,35,176351,7
155,-1.10,-2.86,-1.10,5101.69,1343.52,26,1,15,11,57,41,181352,7
156,-1.06,-2.79,-1.06,5101.69,1343.53,26,1,15,11,57,45,186353,7
157,-1.10,-2.75,-1.10,5101.69,1343.53,26,1,15,11,57,51,191354,7
158,-1.02,-2.79,-1.02,5101.69,1343.53,26,1,15,11,57,55,196356,7
159,-1.06,-2.75,-1.06,5101.68,1343.54,26,1,15,11,58,1,201356,7
160,-1.10,-2.82,-1.10,5101.68,1343.54,26,1,15,11,58,5,206358,7
161,-1.18,-2.79,-1.18,5101.68,1343.54,26,1,15,11,58,11,211359,7
162,-1.10,-2.79,-1.10,5101.68,1343.54,26,1,15,11,58,15,216360,7
163,-1.18,-2.79,-1.18,5101.68,1343.54,26,1,15,11,58,21,221361,7
164,-1.10,-2.79,-1.10,5101.68,1343.54,26,1,15,11,58,25,226362,7
165,-1.06,-2.79,-1.06,5101.68,1343.52,26,1,15,11,58,31,231363,7
166,-1.06,-2.75,-1.06,5101.68,1343.52,26,1,15,11,58,35,236364,7
167,-1.14,-2.75,-1.14,5101.68,1343.52,26,1,15,11,58,41,241367,7
168,-1.02,-2.82,-1.02,5101.68,1343.52,26,1,15,11,58,45,246367,7
169,-1.10,-2.86,-1.10,5101.67,1343.52,26,1,15,11,58,51,251369,7
170,-1.10,-2.75,-1.10,5101.67,1343.52,26,1,15,11,58,55,256369,7
171,-1.06,-2.71,-1.06,5101.67,1343.52,26,1,15,11,59,1,261370,7
172,-1.14,-2.79,-1.14,5101.67,1343.52,26,1,15,11,59,5,266371,7
173,-1.06,-2.79,-1.06,5101.67,1343.52,26,1,15,11,59,11,271372,7
174,-1.22,-2.79,-1.22,5101.67,1343.50,26,1,15,11,59,15,276373,7
175,-1.10,-2.79,-1.10,5101.66,1343.49,26,1,15,11,59,21,281374,7
176,-1.22,-2.75,-1.22,5101.66,1343.49,26,1,15,11,59,25,286376,7
177,-1.06,-2.79,-1.06,5101.67,1343.49,26,1,15,11,59,31,291378,7
178,-1.06,-2.79,-1.06,5101.67,1343.49,26,1,15,11,59,35,296378,7
179,-1.06,-2.86,-1.06,5101.67,1343.50,26,1,15,11,59,41,301379,7
180,-1.14,-2.75,-1.14,5101.68,1343.51,26,1,15,11,59,45,306380,7
181,-1.06,-2.86,-1.06,5101.68,1343.52,26,1,15,11,59,51,311382,7
182,-1.06,-2.82,-1.06,5101.68,1343.52,26,1,15,11,59,55,316383,7
183,-1.14,-2.79,-1.14,5101.67,1343.52,26,1,15,12,0,1,321384,7
184,-1.10,-2.79,-1.10,5101.68,1343.51,26,1,15,12,0,5,326385,7
185,-1.02,-2.79,-1.02,5101.68,1343.50,26,1,15,12,0,11,331385,7
186,-1.18,-2.82,-1.18,5101.68,1343.49,26,1,15,12,0,15,336386,7
187,-1.06,-2.82,-1.06,5101.68,1343.49,26,1,15,12,0,21,341387,7
188,-1.02,-2.82,-1.02,5101.68,1343.49,26,1,15,12,0,25,346389,7
189,-1.10,-2.75,-1.10,5101.68,1343.49,26,1,15,12,0,31,351390,7
190,-0.90,-2.79,-0.90,5101.68,1343.49,26,1,15,12,0,35,356390,7
191,-0.98,-2.90,-0.98,5101.68,1343.49,26,1,15,12,0,41,361391,7
192,-1.14,-2.82,-1.14,5101.68,1343.50,26,1,15,12,0,45,366392,7
193,-1.14,-2.82,-1.14,5101.67,1343.50,26,1,15,12,0,51,371394,7
194,-1.14,-2.79,-1.14,5101.67,1343.50,26,1,15,12,0,55,376395,7
195,-0.98,-2.79,-0.98,5101.67,1343.50,26,1,15,12,1,1,381395,7
196,-1.10,-2.79,-1.10,5101.67,1343.50,26,1,15,12,1,5,386396,7
197,-1.06,-2.79,-1.06,5101.67,1343.50,26,1,15,12,1,11,391397,7
198,-1.14,-2.79,-1.14,5101.67,1343.50,26,1,15,12,1,15,396399,7
199,-1.10,-2.82,-1.10,5101.67,1343.51,26,1,15,12,1,21,401400,7
200,-1.18,-2.71,-1.18,5101.68,1343.52,26,1,15,12,1,25,406401,7
201,-1.18,-2.79,-1.18,5101.68,1343.52,26,1,15,12,1,31,411403,7
202,-1.02,-2.79,-1.02,5101.68,1343.53,26,1,15,12,1,35,416405,7
203,-1.26,-2.71,-1.26,5101.68,1343.53,26,1,15,12,1,41,421405,7
204,-0.98,-2.79,-0.98,5101.68,1343.54,26,1,15,12,1,45,426406,7
205,-1.10,-2.79,-1.10,5101.68,1343.54,26,1,15,12,1,51,431408,7
206,-1.14,-2.75,-1.14,5101.68,1343.54,26,1,15,12,1,55,436409,7
207,-1.10,-2.71,-1.10,5101.67,1343.52,26,1,15,12,2,1,441409,7
208,-1.06,-2.79,-1.06,5101.68,1343.51,26,1,15,12,2,5,446410,7
209,-1.02,-2.79,-1.02,5101.68,1343.51,26,1,15,12,2,11,451411,7
210,-0.98,-2.75,-0.98,5101.68,1343.51,26,1,15,12,2,15,456412,7
211,-1.14,-2.71,-1.14,5101.67,1343.51,26,1,15,12,2,21,461413,7
212,-1.14,-2.75,-1.14,5101.66,1343.50,26,1,15,12,2,25,466415,7
213,-1.06,-2.71,-1.06,5101.66,1343.50,26,1,15,12,2,31,471417,7
214,-0.94,-2.86,-0.94,5101.68,1343.51,26,1,15,12,2,35,476419,7
215,-1.10,-2.79,-1.10,5101.69,1343.52,26,1,15,12,2,41,481419,7
216,-1.14,-2.82,-1.14,5101.69,1343.53,26,1,15,12,2,45,486420,7
217,-1.10,-2.71,-1.10,5101.68,1343.54,26,1,15,12,2,51,491421,7
218,-0.94,-2.79,-0.94,5101.68,1343.54,26,1,15,12,2,55,496423,7
219,-1.10,-2.79,-1.10,5101.68,1343.54,26,1,15,12,3,1,501425,7
220,-1.18,-2.75,-1.18,5101.68,1343.54,26,1,15,12,3,5,506426,7
221,-1.10,-2.75,-1.10,5101.67,1343.53,26,1,15,12,3,11,511427,7
222,-1.06,-2.82,-1.06,5101.67,1343.52,26,1,15,12,3,15,516428,7
223,-0.94,-2.82,-0.94,5101.67,1343.52,26,1,15,12,3,21,521430,7
224,-1.18,-2.71,-1.18,5101.67,1343.52,26,1,15,12,3,25,526431,7
225,-1.02,-2.86,-1.02,5101.67,1343.51,26,1,15,12,3,31,531433,7
226,-1.18,-2.71,-1.18,5101.68,1343.52,26,1,15,12,3,35,536435,7
227,-1.06,-2.75,-1.06,5101.68,1343.52,26,1,15,12,3,41,541435,7
228,-1.22,-2.75,-1.22,5101.68,1343.52,26,1,15,12,3,45,546436,7
229,-0.98,-2.90,-0.98,5101.68,1343.53,26,1,15,12,3,51,551437,7
230,-0.94,-2.86,-0.94,5101.68,1343.53,26,1,15,12,3,55,556438,7
231,-1.22,-2.79,-1.22,5101.68,1343.53,26,1,15,12,4,1,561440,7
232,-1.10,-2.82,-1.10,5101.68,1343.54,26,1,15,12,4,5,566443,7
233,-1.22,-2.71,-1.22,5101.68,1343.54,26,1,15,12,4,11,571443,7
234,-1.02,-2.82,-1.02,5101.68,1343.54,26,1,15,12,4,15,576445,7
235,-1.06,-2.75,-1.06,5101.68,1343.55,26,1,15,12,4,21,581447,7
236,-1.02,-2.67,-1.02,5101.68,1343.55,26,1,15,12,4,25,586449,7
237,-1.06,-2.79,-1.06,5101.68,1343.55,26,1,15,12,4,31,591449,7
238,-1.02,-2.82,-1.02,5101.67,1343.55,26,1,15,12,4,35,596450,7
239,-1.14,-2.79,-1.14,5101.67,1343.56,26,1,15,12,4,41,601451,7
240,-1.10,-2.79,-1.10,5101.67,1343.56,26,1,15,12,4,45,606453,7
241,-1.14,-2.79,-1.14,5101.67,1343.56,26,1,15,12,4,51,611453,7
242,-1.06,-2.20,-1.06,5101.68,1343.56,26,1,15,12,4,55,616454,7
243,-1.14,-2.82,-1.14,5101.68,1343.56,26,1,15,12,5,1,621456,7
244,-1.14,-2.75,-1.14,5101.68,1343.56,26,1,15,12,5,5,626458,7
245,-1.10,-2.86,-1.10,5101.68,1343.56,26,1,15,12,5,11,631459,7
246,-1.14,-2.71,-1.14,5101.68,1343.56,26,1,15,12,5,15,636460,7
247,-1.18,-2.79,-1.18,5101.68,1343.56,26,1,15,12,5,21,641461,7
248,-1.10,-2.90,-1.10,5101.68,1343.56,26,1,15,12,5,25,646462,7
249,-1.18,-2.79,-1.18,5101.68,1343.56,26,1,15,12,5,31,651464,7
250,-1.22,-2.82,-1.22,5101.68,1343.56,26,1,15,12,5,35,656464,7
251,-0.94,-2.75,-0.94,5101.68,1343.56,26,1,15,12,5,41,661465,7
252,-1.06,-2.82,-1.06,5101.68,1343.56,26,1,15,12,5,45,666466,7
253,-0.86,-2.79,-0.86,5101.68,1343.56,26,1,15,12,5,51,671468,7
254,-1.02,-2.82,-1.02,5101.68,1343.56,26,1,15,12,5,55,676469,7
255,-0.98,-2.90,-0.98,5101.68,1343.56,26,1,15,12,6,1,681469,7
256,-1.10,-2.71,-1.10,5101.67,1343.56,26,1,15,12,6,5,686470,7
257,-0.98,-2.79,-0.98,5101.67,1343.57,26,1,15,12,6,11,691471,7
258,-1.14,-2.86,-1.14,5101.67,1343.57,26,1,15,12,6,15,696472,7
259,-1.10,-2.82,-1.10,5101.67,1343.57,26,1,15,12,6,21,701474,7
260,-1.10,-2.79,-1.10,5101.67,1343.57,26,1,15,12,6,25,706475,7
261,-1.06,-2.79,-1.06,5101.67,1343.58,26,1,15,12,6,31,711475,7
262,-1.14,-2.75,-1.14,5101.67,1343.57,26,1,15,12,6,35,716476,7
263,-1.22,-2.82,-1.22,5101.66,1343.57,26,1,15,12,6,41,721478,7
264,-0.98,-2.75,-0.98,5101.66,1343.58,26,1,15,12,6,45,726480,7
265,-1.18,-2.71,-1.18,5101.66,1343.58,26,1,15,12,6,51,731481,7
266,-1.14,-3.10,-1.14,5101.66,1343.57,26,1,15,12,6,55,736483,7
267,-1.22,-3.49,-1.22,5101.67,1343.57,26,1,15,12,7,1,741483,7
268,-1.37,-2.90,-1.37,5101.67,1343.56,26,1,15,12,7,5,746485,7
269,-1.29,-3.26,-1.29,5101.67,1343.56,26,1,15,12,7,11,751485,7
270,-1.80,-2.59,-1.80,5101.67,1343.56,26,1,15,12,7,15,756486,7
271,-1.10,-2.04,-1.10,5101.67,1343.56,26,1,15,12,7,21,761487,7
272,-1.26,-2.94,-1.26,5101.67,1343.56,26,1,15,12,7,25,766488,7
273,-1.29,-3.22,-1.29,5101.66,1343.56,26,1,15,12,7,31,771489,7
274,-1.22,-2.94,-1.22,5101.66,1343.56,26,1,15,12,7,35,776491,7
275,-1.29,-2.55,-1.29,5101.66,1343.56,26,1,15,12,7,41,781492,7
276,-0.98,-0.82,-0.98,5101.66,1343.56,26,1,15,12,7,45,786492,7
277,-1.02,-1.92,-1.02,5101.67,1343.56,26,1,15,12,7,51,791493,7
278,-1.06,-2.08,-1.06,5101.67,1343.56,26,1,15,12,7,55,796494,7
279,-0.90,-1.29,-0.90,5101.67,1343.56,26,1,15,12,8,1,801496,7
280,-0.98,-2.79,-0.98,5101.67,1343.55,26,1,15,12,8,5,806498,7
281,-1.14,-2.55,-1.14,5101.67,1343.55,26,1,15,12,8,11,811498,7
282,-0.67,-2.67,-0.67,5101.67,1343.55,26,1,15,12,8,15,816500,7
283,-0.75,-2.51,-0.75,5101.68,1343.55,26,1,15,12,8,21,821501,7
284,-0.59,-2.82,-0.59,5101.68,1343.55,26,1,15,12,8,25,826503,7
285,-0.24,-2.35,-0.24,5101.68,1343.55,26,1,15,12,8,31,831503,7
286,0.00,-1.88,0.00,5101.68,1343.55,26,1,15,12,8,35,836505,7
287,0.00,-1.65,0.00,5101.68,1343.55,26,1,15,12,8,41,841506,7
288,-0.39,-2.35,-0.39,5101.68,1343.55,26,1,15,12,8,45,846509,7
289,-0.51,-2.67,-0.51,5101.68,1343.55,26,1,15,12,8,51,851509,7
290,-0.59,-2.59,-0.59,5101.67,1343.56,26,1,15,12,8,55,856510,7
291,-0.35,-2.82,-0.35,5101.67,1343.56,26,1,15,12,8,59,859436,3
292,-0.51,-2.63,-0.51,5101.67,1343.56,26,1,15,12,8,59,859491,3
293,-0.27,-2.71,-0.27,5101.67,1343.56,26,1,15,12,8,59,859584,3
294,-0.55,-2.67,-0.55,5101.67,1343.56,26,1,15,12,8,59,860022,3
295,-0.47,-2.67,-0.47,5101.67,1343.56,26,1,15,12,8,59,860395,3
296,-0.59,-2.75,-0.59,5101.67,1343.56,26,1,15,12,9,1,861253,3
297,-0.59,-2.71,-0.59,5101.67,1343.56,26,1,15,12,9,1,861352,3
298,-0.47,-2.67,-0.47,5101.67,1343.56,26,1,15,12,9,1,861412,3
299,-0.55,-2.59,-0.55,5101.67,1343.56,26,1,15,12,9,1,861508,3
300,-0.55,-2.59,-0.55,5101.67,1343.56,26,1,15,12,9,1,861543,7
301,-0.51,-2.67,-0.51,5101.67,1343.56,26,1,15,12,9,1,861661,3
302,-0.71,-2.63,-0.71,5101.67,1343.56,26,1,15,12,9,1,861902,3
303,-0.55,-2.71,-0.55,5101.67,1343.56,26,1,15,12,9,1,861968,3
304,-0.63,-2.59,-0.63,5101.67,1343.56,26,1,15,12,9,1,862071,3
305,-0.51,-2.71,-0.51,5101.67,1343.56,26,1,15,12,9,1,862243,3
306,-0.59,-2.63,-0.59,5101.67,1343.56,26,1,15,12,9,1,862353,3
307,-1.37,-1.18,-1.37,5101.67,1343.56,26,1,15,12,9,1,862441,3
308,-0.39,-2.43,-0.39,5101.67,1343.56,26,1,15,12,9,1,862490,3
309,-0.55,-2.59,-0.55,5101.67,1343.56,26,1,15,12,9,1,862629,3
310,-0.51,-2.63,-0.51,5101.67,1343.56,26,1,15,12,9,2,863032,3
311,-0.43,-2.75,-0.43,5101.67,1343.56,26,1,15,12,9,2,863114,3
312,-0.51,-2.71,-0.51,5101.67,1343.56,26,1,15,12,9,2,863185,3
313,-0.59,-2.63,-0.59,5101.67,1343.56,26,1,15,12,9,2,863257,3
314,-0.51,-2.71,-0.51,5101.67,1343.56,26,1,15,12,9,2,863337,3
315,-0.63,-2.67,-0.63,5101.67,1343.56,26,1,15,12,9,5,866489,3
316,-0.47,-2.59,-0.47,5101.67,1343.56,26,1,15,12,9,5,866544,7
317,-0.43,-2.71,-0.43,5101.67,1343.57,26,1,15,12,9,7,867276,3
318,-0.51,-2.67,-0.51,5101.67,1343.57,26,1,15,12,9,7,867332,3
319,-0.51,-2.71,-0.51,5101.67,1343.57,26,1,15,12,9,7,867504,3
320,-0.51,-2.71,-0.51,5101.67,1343.57,26,1,15,12,9,7,867566,3
321,-0.47,-2.63,-0.47,5101.67,1343.57,26,1,15,12,9,7,867720,3
322,-0.47,-2.67,-0.47,5101.67,1343.57,26,1,15,12,9,7,867952,3
323,-0.43,-2.82,-0.43,5101.67,1343.57,26,1,15,12,9,9,869812,3
324,-0.51,-2.63,-0.51,5101.67,1343.57,26,1,15,12,9,9,870050,3
325,-0.51,-2.79,-0.51,5101.67,1343.57,26,1,15,12,9,9,870140,3
326,-0.55,-2.63,-0.55,5101.67,1343.57,26,1,15,12,9,9,870590,3
327,-0.51,-2.86,-0.51,5101.67,1343.57,26,1,15,12,9,11,871545,7
328,-0.63,-2.71,-0.63,5101.67,1343.57,26,1,15,12,9,11,872623,3
329,-0.51,-2.67,-0.51,5101.67,1343.57,26,1,15,12,9,11,872756,3
330,-0.67,-2.59,-0.67,5101.67,1343.57,26,1,15,12,9,11,872861,3
331,-0.55,-2.59,-0.55,5101.67,1343.57,26,1,15,12,9,13,872993,3
332,-0.27,-2.59,-0.27,5101.67,1343.57,26,1,15,12,9,13,873055,3
333,-0.63,-2.75,-0.63,5101.67,1343.57,26,1,15,12,9,13,873293,3
334,-0.16,-2.55,-0.16,5101.67,1343.57,26,1,15,12,9,13,873394,3
335,-0.59,-2.75,-0.59,5101.67,1343.57,26,1,15,12,9,13,873692,3
336,-0.43,-2.67,-0.43,5101.67,1343.57,26,1,15,12,9,13,873777,3
337,-0.47,-2.75,-0.47,5101.67,1343.57,26,1,15,12,9,13,873849,3
338,-0.51,-2.71,-0.51,5101.67,1343.57,26,1,15,12,9,13,874093,3
339,-0.51,-2.79,-0.51,5101.67,1343.57,26,1,15,12,9,15,876546,7
340,-0.71,-2.67,-0.71,5101.67,1343.56,26,1,15,12,9,21,881547,7
341,-0.51,-2.67,-0.51,5101.68,1343.56,26,1,15,12,9,25,886548,7
342,-0.39,-2.71,-0.39,5101.68,1343.56,26,1,15,12,9,31,891549,7
343,-0.43,-2.63,-0.43,5101.68,1343.56,26,1,15,12,9,35,896550,7
344,-0.63,-2.63,-0.63,5101.68,1343.56,26,1,15,12,9,41,901551,7
345,-0.51,-2.67,-0.51,5101.68,1343.56,26,1,15,12,9,45,906552,7
346,-0.47,-2.71,-0.47,5101.68,1343.56,26,1,15,12,9,51,911553,7
347,-0.47,-2.63,-0.47,5101.68,1343.56,26,1,15,12,9,55,916554,7
348,-0.55,-2.67,-0.55,5101.68,1343.57,26,1,15,12,10,1,921555,7
349,-0.55,-2.71,-0.55,5101.68,1343.57,26,1,15,12,10,5,926557,7
350,-0.47,-2.75,-0.47,5101.68,1343.57,26,1,15,12,10,11,931558,7
351,-0.51,-2.75,-0.51,5101.68,1343.56,26,1,15,12,10,15,936558,7
352,-0.51,-2.71,-0.51,5101.68,1343.57,26,1,15,12,10,21,941559,7
353,-0.51,-2.63,-0.51,5101.68,1343.57,26,1,15,12,10,25,946561,7
354,-0.51,-2.75,-0.51,5101.68,1343.56,26,1,15,12,10,31,951562,7
355,-0.51,-2.59,-0.51,5101.68,1343.56,26,1,15,12,10,35,956564,7
356,-0.31,-2.79,-0.31,5101.68,1343.55,26,1,15,12,10,41,961564,7
357,-0.55,-2.63,-0.55,5101.68,1343.55,26,1,15,12,10,45,966565,7
358,-0.47,-2.67,-0.47,5101.68,1343.55,26,1,15,12,10,51,971566,7
359,-0.51,-2.67,-0.51,5101.68,1343.55,26,1,15,12,10,55,976567,7
360,-0.63,-2.59,-0.63,5101.68,1343.55,26,1,15,12,11,1,981568,7
361,-0.51,-2.67,-0.51,5101.68,1343.55,26,1,15,12,11,5,986569,7
362,-0.35,-2.67,-0.35,5101.68,1343.55,26,1,15,12,11,11,991570,7
363,-0.39,-2.82,-0.39,5101.69,1343.55,26,1,15,12,11,15,996571,7
364,-0.59,-2.71,-0.59,5101.69,1343.56,26,1,15,12,11,21,1001572,7
365,-0.47,-2.79,-0.47,5101.69,1343.56,26,1,15,12,11,25,1006573,7
366,-0.63,-2.71,-0.63,5101.69,1343.57,26,1,15,12,11,32,1011575,7
367,-0.67,-2.67,-0.67,5101.69,1343.57,26,1,15,12,11,35,1016577,7
368,-0.55,-2.82,-0.55,5101.69,1343.57,26,1,15,12,11,41,1021579,7
369,-0.63,-2.71,-0.63,5101.69,1343.57,26,1,15,12,11,46,1026580,7
370,-0.67,-2.63,-0.67,5101.69,1343.56,26,1,15,12,11,51,1031582,7
371,-0.39,-2.67,-0.39,5101.69,1343.56,26,1,15,12,11,51,1032055,3
372,-0.63,-2.63,-0.63,5101.69,1343.56,26,1,15,12,11,51,1032168,3
373,-0.51,-2.67,-0.51,5101.69,1343.56,26,1,15,12,11,54,1033125,3
374,-0.43,-2.79,-0.43,5101.69,1343.56,26,1,15,12,11,56,1036582,7
375,-0.55,-2.79,-0.55,5101.69,1343.55,26,1,15,12,12,2,1041583,7
376,-0.35,-2.75,-0.35,5101.70,1343.55,26,1,15,12,12,6,1046584,7
377,-0.47,-2.75,-0.47,5101.70,1343.54,26,1,15,12,12,8,1047260,3
378,-0.47,-2.75,-0.47,5101.71,1343.51,26,1,15,12,12,12,1051585,7
379,-0.59,-2.63,-0.59,5101.71,1343.50,26,1,15,12,12,14,1053417,3
380,-0.51,-2.67,-0.51,5101.71,1343.50,26,1,15,12,12,16,1055223,3
381,-0.51,-2.67,-0.51,5101.71,1343.50,26,1,15,12,12,16,1055284,3
382,-0.51,-2.79,-0.51,5101.71,1343.50,26,1,15,12,12,16,1055944,3
383,-0.55,-2.71,-0.55,5101.71,1343.50,26,1,15,12,12,16,1056165,3
384,-0.47,-2.63,-0.47,5101.71,1343.50,26,1,15,12,12,16,1056245,3
385,-0.55,-2.71,-0.55,5101.71,1343.50,26,1,15,12,12,16,1056587,7
386,-0.55,-2.79,-0.55,5101.72,1343.49,26,1,15,12,12,22,1061587,7
387,-0.63,-2.71,-0.63,5101.73,1343.48,26,1,15,12,12,26,1066588,7
388,-0.55,-2.71,-0.55,5101.72,1343.46,26,1,15,12,12,32,1071589,7
389,-0.59,-2.71,-0.59,5101.72,1343.46,26,1,15,12,12,34,1074579,3
390,-0.51,-2.75,-0.51,5101.72,1343.46,26,1,15,12,12,34,1074631,3
391,-0.55,-2.67,-0.55,5101.72,1343.46,26,1,15,12,12,34,1074719,3
392,-0.55,-2.71,-0.55,5101.72,1343.46,26,1,15,12,12,34,1074808,3
393,-0.51,-2.79,-0.51,5101.72,1343.46,26,1,15,12,12,34,1074896,3
394,-0.51,-2.75,-0.51,5101.72,1343.46,26,1,15,12,12,34,1074984,3
395,-0.43,-2.67,-0.43,5101.72,1343.46,26,1,15,12,12,35,1075106,3
396,-0.43,-2.86,-0.43,5101.72,1343.46,26,1,15,12,12,35,1075212,3
397,-0.47,-2.79,-0.47,5101.72,1343.46,26,1,15,12,12,35,1075264,3
398,-0.59,-2.75,-0.59,5101.72,1343.46,26,1,15,12,12,35,1075375,3
399,-0.51,-2.79,-0.51,5101.72,1343.46,26,1,15,12,12,35,1075441,3
400,-0.55,-2.63,-0.55,5101.72,1343.46,26,1,15,12,12,35,1076590,7
401,-0.55,-2.71,-0.55,5101.72,1343.45,26,1,15,12,12,38,1078121,3
402,-0.55,-2.75,-0.55,5101.72,1343.45,26,1,15,12,12,38,1078220,3
403,-0.47,-2.71,-0.47,5101.72,1343.45,26,1,15,12,12,38,1078273,3
404,-0.39,-2.71,-0.39,5101.72,1343.45,26,1,15,12,12,38,1078431,3
405,-0.47,-2.71,-0.47,5101.71,1343.45,26,1,15,12,12,42,1081592,7
406,-0.47,-2.63,-0.47,5101.71,1343.45,26,1,15,12,12,46,1086594,7
407,-0.59,-2.71,-0.59,5101.70,1343.45,26,1,15,12,12,52,1091595,7
408,-0.47,-2.75,-0.47,5101.69,1343.45,26,1,15,12,12,56,1096595,7
409,-0.39,-2.79,-0.39,5101.68,1343.45,26,1,15,12,13,2,1101596,7
410,-0.47,-2.67,-0.47,5101.68,1343.45,26,1,15,12,13,4,1103960,3
411,-0.47,-2.75,-0.47,5101.68,1343.45,26,1,15,12,13,6,1106597,7
412,-0.43,-2.71,-0.43,5101.68,1343.45,26,1,15,12,13,10,1109225,3
413,-0.59,-2.71,-0.59,5101.68,1343.45,26,1,15,12,13,12,1111432,3
414,-0.55,-2.71,-0.55,5101.68,1343.45,26,1,15,12,13,12,1111599,7
415,-0.35,-2.75,-0.35,5101.68,1343.45,26,1,15,12,13,14,1114182,3
416,-0.39,-2.79,-0.39,5101.68,1343.45,26,1,15,12,13,16,1116600,7
417,-0.43,-2.82,-0.43,5101.68,1343.45,26,1,15,12,13,18,1119030,3
418,-0.51,-2.71,-0.51,5101.67,1343.45,26,1,15,12,13,20,1119727,3
419,-0.43,-2.71,-0.43,5101.67,1343.44,26,1,15,12,13,22,1121601,7
420,-0.59,-2.75,-0.59,5101.67,1343.44,26,1,15,12,13,26,1126602,7
421,-0.59,-2.75,-0.59,5101.67,1343.44,26,1,15,12,13,30,1129858,3
422,-0.67,-2.75,-0.67,5101.67,1343.44,26,1,15,12,13,30,1130244,3
423,-0.59,-2.75,-0.59,5101.68,1343.44,26,1,15,12,13,32,1131194,3
424,-0.55,-2.63,-0.55,5101.68,1343.44,26,1,15,12,13,32,1131603,7
425,-0.55,-2.59,-0.55,5101.68,1343.44,26,1,15,12,13,32,1131885,3
426,-0.51,-2.71,-0.51,5101.68,1343.44,26,1,15,12,13,32,1132216,3
427,-0.55,-2.71,-0.55,5101.68,1343.44,26,1,15,12,13,36,1136604,7
428,-0.63,-2.71,-0.63,5101.68,1343.44,26,1,15,12,13,38,1137263,3
429,-0.51,-2.67,-0.51,5101.68,1343.44,26,1,15,12,13,38,1137700,3
430,-0.55,-2.67,-0.55,5101.68,1343.44,26,1,15,12,13,38,1137756,3
431,-0.55,-2.71,-0.55,5101.68,1343.44,26,1,15,12,13,38,1137933,3
432,-0.31,-2.82,-0.31,5101.68,1343.44,26,1,15,12,13,38,1138499,3
433,-0.47,-2.67,-0.47,5101.68,1343.44,26,1,15,12,13,40,1139176,3
434,-0.47,-2.79,-0.47,5101.68,1343.44,26,1,15,12,13,42,1141605,7
435,-0.55,-2.75,-0.55,5101.68,1343.44,26,1,15,12,13,42,1143058,3
436,-0.51,-2.67,-0.51,5101.67,1343.44,26,1,15,12,13,44,1143596,3
437,-0.55,-2.67,-0.55,5101.67,1343.44,26,1,15,12,13,44,1143666,3
438,-0.59,-2.63,-0.59,5101.67,1343.44,26,1,15,12,13,46,1146586,3
439,-0.59,-2.63,-0.59,5101.67,1343.44,26,1,15,12,13,46,1146608,7
440,-0.55,-2.67,-0.55,5101.67,1343.44,26,1,15,12,13,46,1146917,3
441,-0.39,-2.71,-0.39,5101.68,1343.44,26,1,15,12,13,52,1151609,7
442,-0.39,-2.71,-0.39,5101.69,1343.44,26,1,15,12,13,54,1153421,3
443,-0.47,-2.75,-0.47,5101.69,1343.44,26,1,15,12,13,54,1154344,3
444,-0.51,-2.79,-0.51,5101.69,1343.44,26,1,15,12,13,56,1155559,3
445,-0.43,-2.71,-0.43,5101.69,1343.44,26,1,15,12,13,56,1156357,3
446,-0.39,-2.86,-0.39,5101.69,1343.44,26,1,15,12,13,56,1156611,7
447,-0.47,-2.75,-0.47,5101.69,1343.44,26,1,15,12,13,58,1157411,3
448,-0.59,-2.79,-0.59,5101.69,1343.44,26,1,15,12,13,58,1157760,3
449,-0.51,-2.71,-0.51,5101.69,1343.44,26,1,15,12,13,58,1157846,3
450,-0.55,-2.82,-0.55,5101.70,1343.45,26,1,15,12,14,0,1159251,3
451,-0.47,-2.82,-0.47,5101.70,1343.45,26,1,15,12,14,0,1159627,3
452,-0.43,-2.75,-0.43,5101.70,1343.45,26,1,15,12,14,0,1159940,3
453,-0.51,-2.75,-0.51,5101.70,1343.45,26,1,15,12,14,2,1161611,7
454,-0.55,-2.71,-0.55,5101.71,1343.45,26,1,15,12,14,6,1166613,7
455,-0.51,-2.75,-0.51,5101.71,1343.45,26,1,15,12,14,12,1171613,7
456,-0.55,-2.82,-0.55,5101.72,1343.45,26,1,15,12,14,16,1176614,7
457,-0.47,-2.79,-0.47,5101.72,1343.45,26,1,15,12,14,22,1181615,7
458,-0.35,-2.51,-0.35,5101.72,1343.45,26,1,15,12,14,26,1186617,7
459,-0.31,-2.51,-0.31,5101.72,1343.45,26,1,15,12,14,32,1191234,3
460,-0.31,-2.51,-0.31,5101.72,1343.45,26,1,15,12,14,32,1191380,3
461,-0.43,-2.51,-0.43,5101.72,1343.45,26,1,15,12,14,32,1191617,7
462,-0.20,-2.47,-0.20,5101.72,1343.45,26,1,15,12,14,32,1191759,3
463,-0.24,-2.55,-0.24,5101.72,1343.45,26,1,15,12,14,32,1191907,3
464,-0.47,-2.55,-0.47,5101.72,1343.45,26,1,15,12,14,32,1192156,3
465,-0.31,-2.55,-0.31,5101.72,1343.45,26,1,15,12,14,32,1192347,3
466,-0.20,-2.55,-0.20,5101.72,1343.45,26,1,15,12,14,32,1192473,3
467,-0.31,-2.47,-0.31,5101.72,1343.45,26,1,15,12,14,32,1192657,3
468,-0.35,-2.55,-0.35,5101.72,1343.45,26,1,15,12,14,32,1192763,3
469,-0.27,-2.55,-0.27,5101.72,1343.45,26,1,15,12,14,34,1193320,3
470,-0.31,-2.51,-0.31,5101.72,1343.45,26,1,15,12,14,34,1193609,3
471,-0.43,-2.51,-0.43,5101.72,1343.45,26,1,15,12,14,34,1193777,3
472,-0.39,-2.51,-0.39,5101.72,1343.45,26,1,15,12,14,34,1194556,3
473,-0.47,-2.39,-0.47,5101.72,1343.45,26,1,15,12,14,36,1196619,7
474,-0.31,-2.55,-0.31,5101.72,1343.45,26,1,15,12,14,38,1197443,3
475,-0.47,-2.51,-0.47,5101.72,1343.45,26,1,15,12,14,42,1201619,7
476,-0.39,-2.47,-0.39,5101.72,1343.45,26,1,15,12,14,42,1201911,3
477,-0.39,-2.51,-0.39,5101.72,1343.45,26,1,15,12,14,42,1202019,3
478,-0.35,-2.55,-0.35,5101.72,1343.45,26,1,15,12,14,42,1203033,3
479,-0.24,-2.55,-0.24,5101.72,1343.45,26,1,15,12,14,42,1203120,3
480,-0.47,-2.51,-0.47,5101.72,1343.45,26,1,15,12,14,44,1203226,3
481,-0.39,-2.47,-0.39,5101.72,1343.45,26,1,15,12,14,44,1203457,3
482,-0.39,-2.59,-0.39,5101.72,1343.45,26,1,15,12,14,44,1204214,3
483,-0.47,-2.39,-0.47,5101.72,1343.45,26,1,15,12,14,44,1204533,3
484,-0.35,-2.43,-0.35,5101.72,1343.45,26,1,15,12,14,44,1204634,3
485,-0.27,-2.39,-0.27,5101.72,1343.45,26,1,15,12,14,46,1205804,3
486,-0.43,-2.51,-0.43,5101.72,1343.45,26,1,15,12,14,46,1206621,7
487,-0.35,-2.51,-0.35,5101.72,1343.45,26,1,15,12,14,48,1207316,3
488,-0.27,-2.51,-0.27,5101.72,1343.45,26,1,15,12,14,48,1208609,3
489,-0.24,-2.51,-0.24,5101.72,1343.45,26,1,15,12,14,50,1209831,3
490,-0.31,-2.51,-0.31,5101.72,1343.45,26,1,15,12,14,50,1211033,3
491,-0.35,-2.51,-0.35,5101.72,1343.45,26,1,15,12,14,52,1211622,7
492,-0.27,-2.51,-0.27,5101.72,1343.45,26,1,15,12,14,54,1213753,3
493,-0.31,-2.55,-0.31,5101.73,1343.45,26,1,15,12,14,56,1215256,3
494,-0.55,-2.47,-0.55,5101.73,1343.45,26,1,15,12,14,56,1215793,3
495,-0.31,-2.55,-0.31,5101.73,1343.45,26,1,15,12,14,56,1216623,7
496,-0.47,-2.51,-0.47,5101.73,1343.45,26,1,15,12,14,58,1217208,3
497,-0.43,-2.51,-0.43,5101.73,1343.45,26,1,15,12,14,58,1217513,3
498,-0.31,-2.55,-0.31,5101.73,1343.45,26,1,15,12,14,58,1217565,3
499,-0.35,-2.55,-0.35,5101.73,1343.45,26,1,15,12,14,58,1217655,3
500,-0.27,-2.55,-0.27,5101.73,1343.45,26,1,15,12,14,58,1218059,3
501,-0.39,-2.47,-0.39,5101.73,1343.45,26,1,15,12,14,58,1218954,3
502,-0.47,-2.51,-0.47,5101.73,1343.45,26,1,15,12,15,0,1220874,3
503,-0.39,-2.43,-0.39,5101.73,1343.45,26,1,15,12,15,0,1221041,3
504,-0.35,-2.43,-0.35,5101.73,1343.45,26,1,15,12,15,2,1221211,3
505,-0.27,-2.51,-0.27,5101.73,1343.45,26,1,15,12,15,2,1221433,3
506,-0.35,-2.55,-0.35,5101.73,1343.45,26,1,15,12,15,2,1221625,7
507,-0.39,-2.47,-0.39,5101.73,1343.45,26,1,15,12,15,2,1222961,3
508,-0.43,-2.51,-0.43,5101.73,1343.45,26,1,15,12,15,4,1223234,3
509,-0.31,-2.47,-0.31,5101.74,1343.45,26,1,15,12,15,6,1226626,7
510,-0.35,-2.51,-0.35,5101.74,1343.45,26,1,15,12,15,8,1227551,3
511,-0.35,-2.55,-0.35,5101.74,1343.45,26,1,15,12,15,12,1231627,7
512,-0.39,-2.43,-0.39,5101.74,1343.45,26,1,15,12,15,16,1236628,7
513,-0.43,-2.51,-0.43,5101.74,1343.45,26,1,15,12,15,18,1238154,3
514,-0.31,-2.39,-0.31,5101.74,1343.45,26,1,15,12,15,22,1241630,7
515,-0.47,-2.47,-0.47,5101.74,1343.45,26,1,15,12,15,22,1243189,3
516,-0.31,-2.47,-0.31,5101.73,1343.45,26,1,15,12,15,26,1246630,7
517,-0.27,-2.51,-0.27,5101.73,1343.45,26,1,15,12,15,28,1248695,3
518,-0.39,-2.55,-0.39,5101.73,1343.45,26,1,15,12,15,32,1251632,7
519,-0.31,-2.55,-0.31,5101.73,1343.45,26,1,15,12,15,36,1256632,7
520,-0.47,-2.43,-0.47,5101.73,1343.45,26,1,15,12,15,38,1259064,3
521,-0.35,-2.43,-0.35,5101.73,1343.45,26,1,15,12,15,40,1261138,3
522,-0.24,-2.55,-0.24,5101.73,1343.45,26,1,15,12,15,40,1261192,3
523,-0.43,-2.51,-0.43,5101.73,1343.45,26,1,15,12,15,42,1261285,3
524,-0.39,-2.43,-0.39,5101.73,1343.45,26,1,15,12,15,42,1261633,7
525,-0.24,-2.51,-0.24,5101.73,1343.45,26,1,15,12,15,42,1262232,3
526,-0.39,-2.47,-0.39,5101.73,1343.45,26,1,15,12,15,42,1262537,3
527,-0.20,-2.55,-0.20,5101.73,1343.45,26,1,15,12,15,42,1262631,3
528,-0.31,-2.39,-0.31,5101.73,1343.45,26,1,15,12,15,42,1262755,3
529,-0.43,-2.43,-0.43,5101.73,1343.45,26,1,15,12,15,42,1262896,3
530,-0.35,-2.51,-0.35,5101.73,1343.45,26,1,15,12,15,42,1263078,3
531,-0.39,-2.43,-0.39,5101.72,1343.45,26,1,15,12,15,46,1266634,7
532,-0.35,-2.51,-0.35,5101.72,1343.45,26,1,15,12,15,48,1268343,3
533,-0.35,-2.51,-0.35,5101.72,1343.45,26,1,15,12,15,52,1271636,7
534,-0.24,-2.51,-0.24,5101.72,1343.45,26,1,15,12,15,52,1272260,3
535,-0.31,-2.47,-0.31,5101.72,1343.45,26,1,15,12,15,52,1272313,3
536,-0.47,-2.43,-0.47,5101.72,1343.45,26,1,15,12,15,52,1272756,3
537,-0.43,-2.39,-0.43,5101.72,1343.45,26,1,15,12,15,52,1272818,3
538,-0.43,-2.43,-0.43,5101.72,1343.45,26,1,15,12,15,52,1273247,3
539,-0.39,-2.47,-0.39,5101.72,1343.46,26,1,15,12,15,56,1276637,7
540,-0.16,-2.55,-0.16,5101.72,1343.46,26,1,15,12,15,58,1277949,3
541,-0.39,-2.51,-0.39,5101.72,1343.46,26,1,15,12,15,58,1278012,3
542,-0.35,-2.51,-0.35,5101.72,1343.46,26,1,15,12,15,58,1278237,3
543,-0.39,-2.39,-0.39,5101.72,1343.46,26,1,15,12,15,58,1278310,3
544,-0.35,-2.47,-0.35,5101.72,1343.46,26,1,15,12,15,58,1278380,3
545,-0.31,-2.59,-0.31,5101.72,1343.46,26,1,15,12,15,58,1278516,3
546,-0.31,-2.47,-0.31,5101.72,1343.47,26,1,15,12,16,2,1281638,7
547,-0.35,-2.51,-0.35,5101.72,1343.47,26,1,15,12,16,6,1286639,7
548,-0.43,-2.51,-0.43,5101.72,1343.47,26,1,15,12,16,6,1287239,3
549,-0.35,-2.55,-0.35,5101.72,1343.47,26,1,15,12,16,12,1291641,7
550,-0.51,-2.43,-0.51,5101.72,1343.47,26,1,15,12,16,12,1291702,3
551,-0.31,-2.51,-0.31,5101.72,1343.46,26,1,15,12,16,16,1296642,7
552,-0.35,-2.47,-0.35,5101.71,1343.46,26,1,15,12,16,22,1301642,7
553,-0.35,-2.51,-0.35,5101.71,1343.47,26,1,15,12,16,26,1306643,7
554,-0.35,-2.47,-0.35,5101.71,1343.47,26,1,15,12,16,28,1308793,3
555,-0.16,-2.55,-0.16,5101.71,1343.47,26,1,15,12,16,28,1308906,3
556,-0.35,-2.39,-0.35,5101.71,1343.47,26,1,15,12,16,32,1311644,7
557,-0.27,-2.59,-0.27,5101.71,1343.48,26,1,15,12,16,36,1316645,7
558,-0.39,-2.43,-0.39,5101.71,1343.47,26,1,15,12,16,42,1321646,7
559,-0.39,-2.51,-0.39,5101.71,1343.47,26,1,15,12,16,46,1326648,7
560,-0.31,-2.47,-0.31,5101.71,1343.47,26,1,15,12,16,52,1331650,7
561,-0.35,-2.47,-0.35,5101.71,1343.47,26,1,15,12,16,52,1332145,3
562,-0.31,-2.51,-0.31,5101.71,1343.47,26,1,15,12,16,52,1332239,3
563,-0.31,-2.55,-0.31,5101.71,1343.47,26,1,15,12,16,56,1336652,7
564,-0.35,-2.51,-0.35,5101.71,1343.47,26,1,15,12,16,58,1337376,3
565,-0.35,-2.43,-0.35,5101.71,1343.47,26,1,15,12,16,58,1337472,3
566,-0.31,-2.55,-0.31,5101.71,1343.47,26,1,15,12,17,2,1341349,3
567,-0.20,-2.43,-0.20,5101.71,1343.47,26,1,15,12,17,2,1341654,7
568,-0.35,-2.59,-0.35,5101.71,1343.47,26,1,15,12,17,6,1346654,7
569,-0.31,-2.63,-0.31,5101.71,1343.47,26,1,15,12,17,10,1349810,3
570,-0.31,-2.47,-0.31,5101.71,1343.47,26,1,15,12,17,10,1350063,3
571,-0.43,-2.47,-0.43,5101.71,1343.47,26,1,15,12,17,10,1350328,3
572,-0.31,-2.47,-0.31,5101.71,1343.47,26,1,15,12,17,12,1351656,7
573,-0.47,-2.59,-0.47,5101.71,1343.47,26,1,15,12,17,16,1355678,1
574,-0.47,-2.47,-0.47,5101.71,1343.47,26,1,15,12,17,16,1355796,1
575,-0.39,-2.39,-0.39,5101.71,1343.47,26,1,15,12,17,16,1356032,2
576,-0.39,-2.59,-0.39,5101.71,1343.47,26,1,15,12,17,16,1356103,2
577,-0.35,-2.43,-0.35,5101.71,1343.47,26,1,15,12,17,16,1356657,7
578,-0.31,-2.47,-0.31,5101.71,1343.47,26,1,15,12,17,18,1357398,3
579,-0.47,-2.51,-0.47,5101.71,1343.47,26,1,15,12,17,18,1357471,3
580,-0.43,-2.28,-0.43,5101.71,1343.47,26,1,15,12,17,18,1357980,3
581,-0.35,-2.43,-0.35,5101.71,1343.47,26,1,15,12,17,18,1358087,3
582,-0.35,-2.51,-0.35,5101.71,1343.47,26,1,15,12,17,18,1358235,3
583,-0.47,-2.35,-0.47,5101.71,1343.47,26,1,15,12,17,18,1358440,3
584,-0.31,-2.47,-0.31,5101.71,1343.47,26,1,15,12,17,18,1358505,3
585,-0.35,-2.47,-0.35,5101.71,1343.47,26,1,15,12,17,18,1359182,3
586,-0.35,-2.51,-0.35,5101.71,1343.47,26,1,15,12,17,18,1359238,1
587,-0.31,-2.47,-0.31,5101.71,1343.47,26,1,15,12,17,20,1359456,3
588,-0.35,-2.47,-0.35,5101.71,1343.47,26,1,15,12,17,20,1359909,3
589,-0.24,-2.55,-0.24,5101.71,1343.47,26,1,15,12,17,20,1360343,3
590,-0.39,-2.55,-0.39,5101.71,1343.47,26,1,15,12,17,20,1360462,3
591,-0.31,-2.39,-0.31,5101.71,1343.47,26,1,15,12,17,20,1361324,3
592,-0.35,-2.51,-0.35,5101.71,1343.47,26,1,15,12,17,22,1361658,7
593,-0.39,-2.51,-0.39,5101.71,1343.47,26,1,15,12,17,22,1362273,3
594,-0.35,-2.51,-0.35,5101.71,1343.47,26,1,15,12,17,22,1362958,3
595,-0.20,-2.51,-0.20,5101.71,1343.47,26,1,15,12,17,24,1363416,3
596,-0.31,-2.71,-0.31,5101.71,1343.47,26,1,15,12,17,24,1363656,3
597,-0.12,-2.39,-0.12,5101.71,1343.47,26,1,15,12,17,24,1363846,3
598,-0.20,-2.51,-0.20,5101.71,1343.47,26,1,15,12,17,24,1364336,3
599,-0.39,-2.43,-0.39,5101.71,1343.47,26,1,15,12,17,26,1366452,3
600,-0.35,-2.55,-0.35,5101.71,1343.47,26,1,15,12,17,26,1366540,3
601,-0.31,-2.47,-0.31,5101.71,1343.47,26,1,15,12,17,26,1366659,7
602,-0.39,-2.51,-0.39,5101.71,1343.47,26,1,15,12,17,26,1366860,3
603,-0.47,-2.55,-0.47,5101.71,1343.47,26,1,15,12,17,26,1366925,3
604,-0.31,-2.55,-0.31,5101.71,1343.47,26,1,15,12,17,28,1368195,3
605,-0.27,-2.55,-0.27,5101.71,1343.47,26,1,15,12,17,28,1368469,3
606,-0.27,-2.47,-0.27,5101.71,1343.47,26,1,15,12,17,28,1368557,3
607,-0.20,-2.55,-0.20,5101.71,1343.47,26,1,15,12,17,28,1368649,3
608,-0.27,-2.55,-0.27,5101.71,1343.47,26,1,15,12,17,28,1368712,3
609,-0.43,-2.47,-0.43,5101.71,1343.47,26,1,15,12,17,28,1368851,3
610,-0.27,-2.31,-0.27,5101.71,1343.47,26,1,15,12,17,28,1369095,3
611,-0.27,-2.47,-0.27,5101.71,1343.47,26,1,15,12,17,28,1369165,3
612,-0.20,-2.55,-0.20,5101.71,1343.47,26,1,15,12,17,29,1369730,3
613,-0.31,-2.51,-0.31,5101.71,1343.47,26,1,15,12,17,29,1370504,3
614,-0.35,-2.47,-0.35,5101.71,1343.47,26,1,15,12,17,29,1371218,3
615,-0.20,-2.55,-0.20,5101.71,1343.47,26,1,15,12,17,32,1371499,3
616,-0.31,-2.55,-0.31,5101.71,1343.47,26,1,15,12,17,32,1371660,7
617,-0.39,-2.51,-0.39,5101.71,1343.47,26,1,15,12,17,32,1373005,2
618,-0.31,-2.55,-0.31,5101.71,1343.47,26,1,15,12,17,32,1373071,2
619,-0.39,-2.43,-0.39,5101.71,1343.47,26,1,15,12,17,32,1373271,1
620,-0.35,-2.47,-0.35,5101.71,1343.47,26,1,15,12,17,32,1373330,2
621,-0.43,-2.47,-0.43,5101.72,1343.47,26,1,15,12,17,34,1373417,2
622,-0.27,-2.51,-0.27,5101.72,1343.47,26,1,15,12,17,34,1373651,1
623,-0.27,-2.39,-0.27,5101.72,1343.47,26,1,15,12,17,34,1373921,2
624,-0.35,-2.47,-0.35,5101.72,1343.47,26,1,15,12,17,34,1374119,2
625,-0.35,-2.47,-0.35,5101.72,1343.47,26,1,15,12,17,34,1374310,2
626,-0.31,-2.55,-0.31,5101.72,1343.47,26,1,15,12,17,34,1374483,3
627,-0.51,-2.43,-0.51,5101.72,1343.47,26,1,15,12,17,34,1374904,2
628,-0.31,-2.51,-0.31,5101.72,1343.48,26,1,15,12,17,36,1375642,2
629,-0.31,-2.51,-0.31,5101.72,1343.48,26,1,15,12,17,36,1375809,3
630,-0.27,-2.51,-0.27,5101.72,1343.48,26,1,15,12,17,36,1376428,2
631,-0.31,-2.51,-0.31,5101.72,1343.48,26,1,15,12,17,36,1376661,7
632,-0.39,-2.51,-0.39,5101.72,1343.48,26,1,15,12,17,36,1376996,1
633,-0.27,-2.51,-0.27,5101.72,1343.48,26,1,15,12,17,36,1377211,1
634,-0.27,-2.55,-0.27,5101.72,1343.48,26,1,15,12,17,38,1378238,3
635,-0.43,-2.51,-0.43,5101.72,1343.48,26,1,15,12,17,38,1378888,3
636,-0.35,-2.51,-0.35,5101.72,1343.48,26,1,15,12,17,38,1379038,3
637,-0.43,-2.43,-0.43,5101.72,1343.48,26,1,15,12,17,38,1379108,3
638,-0.35,-2.51,-0.35,5101.72,1343.48,26,1,15,12,17,40,1380568,2
639,-0.31,-2.51,-0.31,5101.72,1343.48,26,1,15,12,17,42,1381662,7
640,-0.31,-2.55,-0.31,5101.72,1343.48,26,1,15,12,17,42,1382650,1
641,-0.20,-2.55,-0.20,5101.72,1343.48,26,1,15,12,17,42,1382823,2
642,-0.39,-2.55,-0.39,5101.72,1343.48,26,1,15,12,17,42,1383052,2
643,-0.39,-2.47,-0.39,5101.72,1343.48,26,1,15,12,17,42,1383185,2
644,-0.35,-2.43,-0.35,5101.72,1343.48,26,1,15,12,17,44,1385137,2
645,-0.39,-2.47,-0.39,5101.72,1343.48,26,1,15,12,17,44,1385364,1
646,-0.43,-2.55,-0.43,5101.72,1343.48,26,1,15,12,17,46,1385660,1
647,-0.39,-2.43,-0.39,5101.72,1343.48,26,1,15,12,17,46,1385726,3
648,-0.35,-2.55,-0.35,5101.72,1343.48,26,1,15,12,17,46,1386519,2
649,-0.31,-2.43,-0.31,5101.72,1343.48,26,1,15,12,17,46,1386663,7
650,-0.31,-2.43,-0.31,5101.72,1343.48,26,1,15,12,17,46,1387383,2
651,-0.39,-2.47,-0.39,5101.71,1343.48,26,1,15,12,17,48,1387743,2
652,-0.24,-2.47,-0.24,5101.71,1343.48,26,1,15,12,17,52,1391665,7
653,-0.35,-2.55,-0.35,5101.71,1343.48,26,1,15,12,17,56,1396666,7
654,-0.16,-2.08,-0.16,5101.71,1343.48,26,1,15,12,18,2,1401667,7
655,-0.31,-2.39,-0.31,5101.72,1343.47,26,1,15,12,18,6,1406668,7
656,-0.31,-2.51,-0.31,5101.72,1343.47,26,1,15,12,18,12,1411670,7
657,-0.39,-2.39,-0.39,5101.72,1343.47,26,1,15,12,18,16,1416670,7
658,-0.39,-2.39,-0.39,5101.72,1343.47,26,1,15,12,18,22,1421671,7
659,-0.20,-2.20,-0.20,5101.71,1343.47,26,1,15,12,18,26,1426672,7
660,-0.16,-2.16,-0.16,5101.71,1343.47,26,1,15,12,18,32,1431673,7
661,0.00,-2.04,0.00,5101.71,1343.47,26,1,15,12,18,36,1436675,7
662,-0.16,-2.16,-0.16,5101.71,1343.47,26,1,15,12,18,42,1441675,7
663,-0.16,-2.12,-0.16,5101.71,1343.47,26,1,15,12,18,46,1446676,7
664,-0.12,-2.12,-0.12,5101.72,1343.47,26,1,15,12,18,52,1451677,7
665,-0.12,-2.04,-0.12,5101.72,1343.47,26,1,15,12,18,56,1456678,7
666,-0.04,-2.04,-0.04,5101.72,1343.47,26,1,15,12,19,2,1461679,7
