1,-0.82,-1.02,-0.82,0.00,0.00,24,1,15,14,57,15,84758,1
2,-0.78,-1.53,-0.78,0.00,0.00,24,1,15,14,57,17,84825,1
3,-0.67,-0.51,-0.67,0.00,0.00,24,1,15,14,57,17,86549,1
4,-0.94,-1.10,-0.94,0.00,0.00,24,1,15,14,57,17,86713,2
5,-0.55,-0.59,-0.55,0.00,0.00,24,1,15,14,57,21,88827,1
6,-0.75,-1.02,-0.75,0.00,0.00,24,1,15,14,57,21,89269,2
1,-0.55,-8.75,-0.55,0.00,0.00,24,1,15,15,8,33,38444,1
2,-1.37,-8.16,-1.37,0.00,0.00,24,1,15,15,8,46,52721,1
3,-15.38,-2.28,-15.38,0.00,0.00,24,1,15,15,8,52,57342,1
4,-2.79,-4.47,-2.79,0.00,0.00,24,1,15,15,8,52,58601,1
5,-5.14,-5.30,-5.14,0.00,0.00,24,1,15,15,8,54,59663,2
6,1.14,-4.08,1.14,0.00,0.00,24,1,15,15,8,54,60171,2
7,-2.79,-4.00,-2.79,0.00,0.00,24,1,15,15,8,54,60514,2
8,4.59,8.63,4.59,0.00,0.00,24,1,15,15,8,56,61704,1
9,20.01,20.01,20.01,0.00,0.00,24,1,15,15,8,56,62266,1
10,-5.81,-6.67,-5.81,0.00,0.00,24,1,15,15,8,58,63511,2
11,-5.61,-0.75,-5.61,0.00,0.00,24,1,15,15,8,58,63618,2
12,-0.16,5.65,-0.16,0.00,0.00,24,1,15,15,8,58,64334,2
13,1.33,0.04,1.33,0.00,0.00,24,1,15,15,8,58,64481,1
14,-4.67,-4.75,-4.67,0.00,0.00,24,1,15,15,8,58,64902,2
15,5.06,-11.22,5.06,0.00,0.00,24,1,15,15,8,58,65055,1
16,-0.27,-1.65,-0.27,0.00,0.00,24,1,15,15,8,58,65160,1
17,-6.67,9.89,-6.67,0.00,0.00,24,1,15,15,9,0,65732,1
18,5.41,14.79,5.41,0.00,0.00,24,1,15,15,9,0,65988,1
19,2.94,-9.49,2.94,0.00,0.00,24,1,15,15,9,0,66295,2
20,-0.55,-1.88,-0.55,0.00,0.00,24,1,15,15,9,0,66398,2
21,-1.41,0.67,-1.41,0.00,0.00,24,1,15,15,9,2,67300,1
22,-9.96,2.79,-9.96,0.00,0.00,24,1,15,15,9,2,67963,2
23,2.90,-20.01,2.90,0.00,0.00,24,1,15,15,9,2,68066,1
24,-1.96,2.51,-1.96,0.00,0.00,24,1,15,15,9,2,68467,1
25,0.04,-8.08,0.04,0.00,0.00,24,1,15,15,9,2,69084,2
26,-2.28,1.65,-2.28,0.00,0.00,24,1,15,15,9,2,69184,2
27,-9.73,5.22,-9.73,0.00,0.00,24,1,15,15,9,4,69360,1
28,4.24,-2.86,4.24,0.00,0.00,24,1,15,15,9,4,69771,2
29,-7.26,5.49,-7.26,0.00,0.00,24,1,15,15,9,4,69960,2
30,6.55,-6.47,6.55,0.00,0.00,24,1,15,15,9,4,70213,1
31,-5.41,1.06,-5.41,0.00,0.00,24,1,15,15,9,4,70369,2
32,-1.06,-6.00,-1.06,0.00,0.00,24,1,15,15,9,4,70853,1
33,2.82,11.41,2.82,0.00,0.00,24,1,15,15,9,4,71148,2
34,2.39,-5.73,2.39,0.00,0.00,24,1,15,15,9,6,71355,1
35,0.51,-6.79,0.51,0.00,0.00,24,1,15,15,9,6,71769,1
36,3.96,-8.83,3.96,0.00,0.00,24,1,15,15,9,6,72132,1
37,-7.88,-15.65,-7.88,0.00,0.00,24,1,15,15,9,6,72300,1
38,-0.78,-8.20,-0.78,0.00,0.00,24,1,15,15,9,9,74362,1
39,6.00,-12.87,6.00,0.00,0.00,24,1,15,15,9,9,74854,2
40,-9.89,4.00,-9.89,0.00,0.00,24,1,15,15,9,9,75038,1
41,1.96,-14.44,1.96,0.00,0.00,24,1,15,15,9,9,75226,1
42,-6.04,1.61,-6.04,0.00,0.00,24,1,15,15,9,11,75563,2
43,6.24,-5.14,6.24,0.00,0.00,24,1,15,15,9,11,75782,2
44,0.71,-3.30,0.71,0.00,0.00,24,1,15,15,9,11,76226,2
45,1.18,2.98,1.18,0.00,0.00,24,1,15,15,9,11,76345,2
46,0.20,-7.69,0.20,0.00,0.00,24,1,15,15,9,11,76517,2
47,-3.53,4.94,-3.53,0.00,0.00,24,1,15,15,9,11,76645,1
48,-4.86,-1.88,-4.86,0.00,0.00,24,1,15,15,9,11,76774,1
49,-4.08,1.53,-4.08,0.00,0.00,24,1,15,15,9,11,76895,1
50,-2.12,10.08,-2.12,0.00,0.00,24,1,15,15,9,13,77992,2
51,3.06,-5.57,3.06,0.00,0.00,24,1,15,15,9,13,78338,2
52,5.06,-10.71,5.06,0.00,0.00,24,1,15,15,9,13,78474,2
53,-3.26,-5.37,-3.26,0.00,0.00,24,1,15,15,9,13,78961,2
54,-3.61,5.88,-3.61,0.00,0.00,24,1,15,15,9,13,79067,2
55,2.90,7.30,2.90,0.00,0.00,24,1,15,15,9,14,81113,1
56,-2.00,-0.78,-2.00,0.00,0.00,24,1,15,15,9,16,81825,2
57,-9.81,-1.06,-9.81,0.00,0.00,24,1,15,15,9,16,81932,2
58,-5.10,-20.01,-5.10,0.00,0.00,24,1,15,15,9,16,82147,1
59,3.06,-8.59,3.06,0.00,0.00,24,1,15,15,9,16,82969,2
60,-1.45,-10.28,-1.45,0.00,0.00,24,1,15,15,9,16,83196,2
61,-0.43,-1.29,-0.43,0.00,0.00,24,1,15,15,9,18,83352,2
62,3.33,-9.85,3.33,0.00,0.00,24,1,15,15,9,18,83723,1
63,-3.10,-5.61,-3.10,0.00,0.00,24,1,15,15,9,18,83911,1
64,5.14,-15.10,5.14,0.00,0.00,24,1,15,15,9,18,84082,2
65,2.31,7.96,2.31,0.00,0.00,24,1,15,15,9,18,84436,1
66,0.12,-0.24,0.12,0.00,0.00,24,1,15,15,9,18,85092,2
67,-1.29,1.06,-1.29,0.00,0.00,24,1,15,15,9,21,85653,2
68,0.35,-3.06,0.35,0.00,0.00,24,1,15,15,9,21,86490,2
69,-20.01,14.75,-20.01,0.00,0.00,24,1,15,15,9,21,86722,2
70,-3.10,-11.22,-3.10,0.00,0.00,24,1,15,15,9,21,86834,1
71,19.89,20.01,19.89,0.00,0.00,24,1,15,15,9,21,87016,2
72,3.10,-1.33,3.10,0.00,0.00,24,1,15,15,9,21,87120,2
73,1.29,-0.43,1.29,0.00,0.00,24,1,15,0,0,1,88137,1
74,-6.24,4.79,-6.24,0.00,0.00,24,1,15,0,0,1,88565,2
75,-0.55,0.27,-0.55,0.00,0.00,24,1,15,0,0,1,89253,2
76,-1.29,4.98,-1.29,0.00,0.00,24,1,15,15,9,26,91535,1
77,-1.73,2.43,-1.73,0.00,0.00,24,1,15,15,9,26,91981,2
78,-6.20,-13.18,-6.20,0.00,0.00,24,1,15,15,9,26,92441,1
79,-0.75,0.35,-0.75,0.00,0.00,24,1,15,15,9,26,92726,1
80,-8.51,2.94,-8.51,0.00,0.00,24,1,15,15,9,26,92850,2
81,7.10,-18.08,7.10,0.00,0.00,24,1,15,15,9,28,93514,2
82,4.67,-19.81,4.67,0.00,0.00,24,1,15,15,9,28,94567,1
83,6.35,-13.93,6.35,0.00,0.00,24,1,15,15,9,28,94905,1
84,3.41,-13.73,3.41,0.00,0.00,24,1,15,15,9,28,95302,2
85,-4.35,-4.55,-4.35,0.00,0.00,24,1,15,15,9,30,95601,2
86,-0.82,-0.67,-0.82,0.00,0.00,24,1,15,15,9,30,95818,2
87,-3.96,-6.79,-3.96,0.00,0.00,24,1,15,15,9,30,96159,1
88,-1.10,3.06,-1.10,0.00,0.00,24,1,15,15,9,30,96443,2
89,-7.26,-1.84,-7.26,0.00,0.00,24,1,15,15,9,30,96706,1
90,2.31,-15.42,2.31,0.00,0.00,24,1,15,15,9,30,96812,2
91,-1.37,-1.92,-1.37,0.00,0.00,24,1,15,15,9,30,96991,2
92,-1.06,16.12,-1.06,0.00,0.00,24,1,15,15,9,33,98086,1
93,-1.41,9.38,-1.41,0.00,0.00,24,1,15,15,9,33,98213,1
94,-1.92,-9.26,-1.92,0.00,0.00,24,1,15,15,9,33,98319,2
95,3.26,-2.04,3.26,0.00,0.00,24,1,15,15,9,33,98448,2
96,0.35,-8.90,0.35,0.00,0.00,24,1,15,15,9,33,98666,2
97,5.73,-18.12,5.73,0.00,0.00,24,1,15,15,9,33,99310,2
98,0.20,7.92,0.20,0.00,0.00,24,1,15,15,9,35,99700,2
99,-1.61,-3.06,-1.61,0.00,0.00,24,1,15,15,9,35,100739,1
100,0.35,8.90,0.35,0.00,0.00,24,1,15,15,9,35,100843,2
101,2.63,-8.87,2.63,0.00,0.00,24,1,15,15,9,37,102065,1
102,-2.63,-0.39,-2.63,0.00,0.00,24,1,15,15,9,37,102194,2
103,-5.22,4.20,-5.22,0.00,0.00,24,1,15,15,9,37,102375,2
104,5.33,-5.84,5.33,0.00,0.00,24,1,15,15,9,37,102486,2
105,-4.98,-0.47,-4.98,0.00,0.00,24,1,15,15,9,39,103937,2
106,2.28,17.18,2.28,0.00,0.00,24,1,15,15,9,39,104816,1
107,-8.20,16.95,-8.20,0.00,0.00,24,1,15,15,9,39,104952,1
108,-5.84,1.73,-5.84,0.00,0.00,24,1,15,15,9,39,105086,1
109,-20.01,15.30,-20.01,0.00,0.00,24,1,15,15,9,41,105407,2
110,-6.75,-2.71,-6.75,0.00,0.00,24,1,15,15,9,41,105519,1
111,7.45,-11.77,7.45,0.00,0.00,24,1,15,15,9,41,106251,2
112,0.39,-6.59,0.39,0.00,0.00,24,1,15,15,9,41,106503,1
113,-5.77,-5.45,-5.77,0.00,0.00,24,1,15,15,9,41,106925,2
114,1.37,-4.16,1.37,0.00,0.00,24,1,15,15,9,43,107542,2
115,6.79,-7.45,6.79,0.00,0.00,24,1,15,15,9,43,107764,2
116,-0.98,-11.45,-0.98,0.00,0.00,24,1,15,15,9,43,108075,1
117,-3.18,-6.35,-3.18,0.00,0.00,24,1,15,15,9,43,108223,1
118,-3.10,-4.28,-3.10,0.00,0.00,24,1,15,15,9,43,108338,2
119,-20.01,8.87,-20.01,0.00,0.00,24,1,15,15,9,43,109363,2
120,-3.22,-3.26,-3.22,0.00,0.00,24,1,15,15,9,45,110020,2
121,-1.22,-3.37,-1.22,0.00,0.00,24,1,15,15,9,45,110163,2
122,-1.53,-4.12,-1.53,0.00,0.00,24,1,15,15,9,45,110452,2
123,-2.04,-7.88,-2.04,0.00,0.00,24,1,15,15,9,47,111643,1
124,2.31,-11.34,2.31,0.00,0.00,24,1,15,15,9,47,113088,2
125,-3.14,3.06,-3.14,0.00,0.00,24,1,15,15,9,49,113864,2
126,2.51,-1.84,2.51,0.00,0.00,24,1,15,15,9,51,115664,1
127,-3.02,-7.34,-3.02,0.00,0.00,24,1,15,15,9,51,116286,2
128,-2.08,-5.69,-2.08,0.00,0.00,24,1,15,15,9,51,116858,1
129,-3.53,-20.01,-3.53,0.00,0.00,24,1,15,15,9,51,117185,1
130,1.61,2.08,1.61,0.00,0.00,24,1,15,15,9,56,123081,2
131,-2.63,0.35,-2.63,0.00,0.00,24,1,15,15,9,56,123201,2
132,-2.71,6.12,-2.71,5103.78,1345.11,24,1,15,15,9,59,124595,2
133,-1.69,-1.73,-1.69,5103.78,1345.11,24,1,15,15,10,0,126141,1
134,-3.06,-6.51,-3.06,5103.78,1345.12,24,1,15,15,10,12,139399,1
135,-1.10,1.06,-1.10,5103.78,1345.12,24,1,15,15,10,16,141639,2
136,0.35,-1.61,0.35,5103.80,1345.15,24,1,15,15,10,24,150958,2
137,-1.37,-1.92,-1.37,5103.80,1345.15,24,1,15,15,10,27,152516,1
138,-3.06,1.73,-3.06,5103.79,1345.22,24,1,15,15,10,43,168022,2
139,-0.43,-0.78,-0.43,5103.79,1345.28,24,1,15,15,10,59,185005,1
140,-2.90,-4.75,-2.90,5103.78,1345.32,24,1,15,15,11,12,197640,1
141,0.67,-5.37,0.67,5103.79,1345.35,24,1,15,15,11,20,206173,2
142,-0.35,-2.24,-0.35,5103.81,1345.49,24,1,15,15,11,59,243565,1
143,-2.71,-1.14,-2.71,5103.82,1345.53,24,1,15,15,12,11,256928,1
144,-2.12,-0.24,-2.12,5103.83,1345.58,24,1,15,15,12,23,268683,1
145,-1.02,-2.31,-1.02,5103.83,1345.58,24,1,15,15,12,23,268977,1
146,-2.39,-3.77,-2.39,5103.83,1345.60,24,1,15,15,12,27,273063,2
147,-0.67,-3.22,-0.67,5103.83,1345.60,24,1,15,15,12,27,273179,2
148,-0.04,-2.31,-0.04,5103.83,1345.64,24,1,15,15,12,35,280718,1
149,0.71,-5.26,0.71,5103.83,1345.65,24,1,15,15,12,39,285217,2
150,12.12,18.32,12.12,5103.84,1345.67,24,1,15,15,12,43,289414,1
151,1.33,-3.33,1.33,5103.84,1345.67,24,1,15,15,12,43,289526,1
152,-2.35,-3.88,-2.35,5103.84,1345.71,24,1,15,15,12,51,297489,2
153,8.79,8.59,8.79,5103.85,1345.72,24,1,15,15,12,52,298858,1
154,-1.92,-1.77,-1.92,5103.85,1345.72,24,1,15,15,12,52,299544,1
155,-2.79,-3.88,-2.79,5103.85,1345.73,24,1,15,15,12,55,301250,1
156,-1.61,-4.35,-1.61,5103.85,1345.74,24,1,15,15,12,56,302185,2
157,-3.73,-3.96,-3.73,5103.85,1345.76,24,1,15,15,13,0,307240,1
158,0.43,-3.49,0.43,5103.85,1345.76,24,1,15,15,13,0,307353,1
159,0.86,-14.98,0.86,5103.86,1345.77,24,1,15,15,13,4,309870,1
160,-2.43,-3.10,-2.43,5103.86,1345.77,24,1,15,15,13,4,310344,1
161,0.94,-3.73,0.94,5103.86,1345.77,24,1,15,15,13,4,310475,1
162,-2.35,-2.00,-2.35,5103.86,1345.77,24,1,15,15,13,4,310585,1
163,-6.86,-6.86,-6.86,5103.86,1345.80,24,1,15,15,13,12,319446,2
164,-6.00,-4.82,-6.00,5103.87,1345.80,24,1,15,15,13,15,319647,2
165,-1.84,-5.65,-1.84,5103.87,1345.80,24,1,15,15,13,15,319774,2
166,-4.12,-1.73,-4.12,5103.87,1345.80,24,1,15,15,13,16,321942,1
167,-3.84,-10.00,-3.84,5103.87,1345.80,24,1,15,15,13,16,323339,2
168,-5.02,1.41,-5.02,5103.87,1345.80,24,1,15,15,13,19,324070,2
169,-2.59,-0.51,-2.59,5103.89,1345.82,24,1,15,15,13,31,336577,1
170,-1.45,-3.88,-1.45,5103.90,1345.84,24,1,15,15,13,35,339944,1
171,-2.75,-3.61,-2.75,5103.90,1345.85,24,1,15,15,13,39,345249,1
172,0.51,2.47,0.51,5103.94,1345.94,24,1,15,15,14,11,377384,1
173,-4.51,-2.63,-4.51,5103.96,1345.94,24,1,15,15,14,24,389725,1
174,-4.67,7.30,-4.67,5103.98,1345.93,24,1,15,15,14,31,395860,1
175,-20.01,9.73,-20.01,5103.98,1345.93,24,1,15,15,14,31,397034,2
176,-0.75,11.41,-0.75,5103.98,1345.93,24,1,15,15,14,31,397252,2
177,-6.71,-3.57,-6.71,5104.00,1345.91,24,1,15,15,14,39,404819,2
178,2.55,-7.34,2.55,5104.00,1345.91,24,1,15,15,14,39,405015,1
179,-8.83,-5.18,-8.83,5104.00,1345.91,24,1,15,15,14,39,405166,2
180,-0.43,-6.35,-0.43,5104.00,1345.91,24,1,15,15,14,39,405653,2
181,-4.04,-2.00,-4.04,5104.00,1345.91,24,1,15,15,14,40,405817,2
182,2.79,-6.94,2.79,5104.00,1345.91,24,1,15,15,14,40,406446,2
183,3.22,3.18,3.22,5104.00,1345.91,24,1,15,15,14,40,406589,2
184,-0.98,-9.02,-0.98,5104.00,1345.91,24,1,15,15,14,40,406871,1
185,-2.51,1.26,-2.51,5104.00,1345.92,24,1,15,15,14,43,408090,1
186,-3.18,-19.61,-3.18,5104.00,1345.92,24,1,15,15,14,43,408246,1
187,6.43,-20.01,6.43,5104.00,1345.92,24,1,15,15,14,43,408397,2
188,-4.98,1.37,-4.98,5104.00,1345.92,24,1,15,15,14,43,408509,1
189,15.77,-20.01,15.77,5104.00,1345.92,24,1,15,15,14,43,408671,1
190,20.01,17.61,20.01,5104.00,1345.92,24,1,15,15,14,43,409070,2
191,-15.34,13.69,-15.34,5104.00,1345.92,24,1,15,15,14,43,409410,1
192,-17.73,-0.78,-17.73,5104.00,1345.92,24,1,15,15,14,43,409531,2
193,-1.65,1.92,-1.65,5104.00,1345.92,24,1,15,15,14,43,409655,2
194,2.35,-5.65,2.35,5104.00,1345.92,0,0,0,15,14,44,410145,1
195,-14.12,7.30,-14.12,5104.00,1345.92,0,0,0,15,14,44,410514,2
196,8.90,-7.22,8.90,5104.00,1345.92,0,0,0,15,14,44,411039,2
197,-1.22,-17.77,-1.22,5104.00,1345.93,24,1,15,15,14,47,412695,1
198,-0.47,2.79,-0.47,5104.00,1345.93,24,1,15,15,14,47,412879,2
199,-7.02,-5.06,-7.02,5104.00,1345.93,24,1,15,15,14,47,413116,2
200,3.45,-8.55,3.45,5104.00,1345.93,24,1,15,15,14,47,413233,2
201,-1.65,-2.71,-1.65,5104.00,1345.93,24,1,15,15,14,47,413348,2
202,0.51,-5.49,0.51,5104.00,1345.93,24,1,15,15,14,47,413598,2
203,-16.08,-20.01,-16.08,5104.00,1345.93,24,1,15,15,14,47,413729,1
204,-1.37,-20.01,-1.37,5104.01,15.00,0,0,0,15,14,48,413894,2
205,12.47,-1.84,12.47,5104.01,15.00,0,0,0,15,14,48,414141,2
206,0.55,-16.79,0.55,5104.01,1345.93,24,1,15,15,14,51,416257,1
207,-2.71,-0.63,-2.71,5104.01,1345.93,24,1,15,15,14,51,416458,2
208,0.63,8.12,0.63,5104.01,1345.93,24,1,15,15,14,51,416624,2
209,2.55,-0.04,2.55,5104.01,1345.93,24,1,15,15,14,51,417161,1
210,-7.88,-20.01,-7.88,5104.01,1345.93,24,1,15,15,14,51,417591,1
211,-3.41,-5.57,-3.41,5104.01,1345.94,24,1,15,15,14,52,417911,1
212,-0.59,1.22,-0.59,5104.01,1345.94,24,1,15,15,14,52,418527,1
213,0.20,-1.45,0.20,5104.01,1345.94,24,1,15,15,14,52,419318,2
214,-7.22,-15.49,-7.22,5104.01,1345.94,24,1,15,15,14,52,419644,2
215,-2.90,1.53,-2.90,5104.01,1345.95,24,1,15,15,14,55,419873,2
216,-7.69,-4.08,-7.69,5104.01,1345.95,24,1,15,15,14,55,420033,2
217,-7.34,0.24,-7.34,5104.01,1345.95,24,1,15,15,14,55,420147,2
218,4.35,19.61,4.35,5104.01,1345.95,24,1,15,15,14,55,420497,2
219,-6.16,-7.26,-6.16,5104.01,1345.95,24,1,15,15,14,55,421285,2
220,3.61,1.96,3.61,5104.01,1345.95,24,1,15,15,14,56,421876,2
221,-5.45,-20.01,-5.45,5104.01,1345.95,24,1,15,15,14,56,422030,1
222,-1.29,-1.69,-1.29,5104.01,1345.95,24,1,15,15,14,56,422187,1
223,-1.92,5.77,-1.92,5104.01,1345.95,24,1,15,15,14,56,423023,2
224,2.86,-3.65,2.86,5104.01,1345.95,24,1,15,15,14,56,423329,2
225,5.61,1.84,5.61,5104.01,1345.95,24,1,15,15,14,56,423640,2
226,7.14,-14.40,7.14,5104.01,1345.95,24,1,15,15,14,56,423754,2
227,-0.43,-7.14,-0.43,5104.02,1345.96,24,1,15,15,14,59,423887,1
228,0.39,-18.01,0.39,5104.02,1345.96,24,1,15,15,14,59,424137,1
229,2.31,8.28,2.31,5104.02,1345.96,24,1,15,15,14,59,424383,1
230,-4.75,1.53,-4.75,5104.02,1345.96,24,1,15,15,14,59,424524,2
231,1.73,0.71,1.73,5104.02,1345.96,24,1,15,15,14,59,425274,1
232,-8.67,-6.28,-8.67,5104.02,1345.96,24,1,15,15,14,59,425676,2
233,-3.61,-6.71,-3.61,5104.02,1345.96,24,1,15,15,14,59,425791,1
234,15.26,19.22,15.26,5104.02,1345.96,24,1,15,15,15,0,425964,1
235,-1.57,-19.34,-1.57,5104.02,1345.96,24,1,15,15,15,0,426225,2
236,-9.96,-0.75,-9.96,5104.02,1345.96,24,1,15,15,15,0,426596,2
237,12.67,-8.36,12.67,5104.02,1345.96,24,1,15,15,15,0,426710,1
238,-1.22,-1.18,-1.22,5104.02,1345.96,24,1,15,15,15,0,427377,2
239,-7.02,20.01,-7.02,5104.02,1345.96,24,1,15,15,15,0,427621,2
240,0.00,9.73,0.00,5104.02,1345.96,24,1,15,15,15,0,427746,1
241,-4.55,4.35,-4.55,5104.02,1345.96,24,1,15,15,15,0,427865,1
242,1.18,-15.49,1.18,5104.02,1345.96,24,1,15,15,15,3,428804,2
243,6.86,8.63,6.86,5104.02,1345.96,24,1,15,15,15,3,428912,2
244,-1.73,2.63,-1.73,5104.02,1345.96,24,1,15,15,15,3,429209,2
245,-1.96,6.24,-1.96,5104.02,1345.96,24,1,15,15,15,3,429524,2
246,-4.82,13.77,-4.82,5104.02,1345.96,24,1,15,15,15,3,429797,1
247,-8.08,5.81,-8.08,5104.02,1345.97,24,1,15,15,15,4,430047,2
248,2.00,1.53,2.00,5104.02,1345.97,24,1,15,15,15,4,430161,2
249,16.63,13.49,16.63,5104.02,1345.97,24,1,15,15,15,4,430398,2
250,-1.22,1.02,-1.22,5104.02,1345.97,24,1,15,15,15,4,430603,1
251,-4.90,3.96,-4.90,5104.02,1345.97,24,1,15,15,15,4,430714,1
252,0.31,-19.57,0.31,5104.02,1345.97,24,1,15,15,15,4,430867,2
253,-6.20,-9.38,-6.20,5104.02,1345.97,24,1,15,15,15,4,431222,2
254,12.71,-13.06,12.71,5104.02,1345.97,24,1,15,15,15,4,431337,2
255,6.04,-1.65,6.04,5104.02,1345.97,24,1,15,15,15,4,431608,2
256,-5.73,-5.65,-5.73,5104.02,1345.97,24,1,15,15,15,4,431840,2
257,20.01,17.77,20.01,5104.02,1345.97,24,1,15,15,15,7,432179,1
258,3.18,0.16,3.18,5104.02,1345.97,24,1,15,15,15,7,432562,2
259,-3.26,3.61,-3.26,5104.02,1345.97,24,1,15,15,15,7,433086,2
260,-1.73,2.24,-1.73,5104.02,1345.97,24,1,15,15,15,7,433197,1
261,-15.77,10.40,-15.77,5104.02,1345.97,24,1,15,15,15,7,433423,2
262,-9.30,-0.12,-9.30,5104.03,1345.98,24,1,15,15,15,8,434126,1
263,3.45,8.24,3.45,5104.03,1345.98,24,1,15,15,15,8,434249,2
264,10.79,-9.06,10.79,5104.03,1345.98,24,1,15,15,15,8,434464,2
265,6.16,2.16,6.16,5104.03,1345.98,24,1,15,15,15,8,434575,2
266,3.53,-20.01,3.53,5104.03,1345.98,24,1,15,15,15,8,434692,2
267,20.01,16.95,20.01,5104.03,1345.98,24,1,15,15,15,8,434836,1
268,0.55,10.36,0.55,5104.03,1345.98,24,1,15,15,15,8,435074,1
269,-3.06,-0.39,-3.06,5104.03,1345.98,24,1,15,15,15,8,435696,1
270,-5.37,20.01,-5.37,5104.03,1345.98,24,1,15,15,15,11,435957,2
271,18.87,17.06,18.87,5104.03,1345.98,24,1,15,15,15,11,436384,2
272,-5.41,1.53,-5.41,5104.03,1345.98,24,1,15,15,15,11,436875,2
273,-3.45,-0.12,-3.45,5104.03,1345.98,24,1,15,15,15,11,437352,2
274,2.98,4.82,2.98,5104.03,1345.98,24,1,15,15,15,11,437633,1
275,-8.59,10.55,-8.59,5104.03,1345.99,24,1,15,15,15,12,438243,2
276,-1.26,-6.28,-1.26,5104.03,1345.99,24,1,15,15,15,12,438359,2
277,3.73,-4.63,3.73,5104.03,1345.99,24,1,15,15,15,12,438657,2
278,-3.88,-5.14,-3.88,5104.03,1345.99,24,1,15,15,15,15,440496,2
279,-13.42,-17.97,-13.42,5104.03,1345.99,24,1,15,15,15,15,440613,2
280,11.69,15.18,11.69,5104.03,1345.99,24,1,15,15,15,15,441225,1
281,5.96,-20.01,5.96,5104.03,1346.00,24,1,15,15,15,16,442002,2
282,-0.75,2.08,-0.75,5104.03,1346.00,24,1,15,15,15,16,442141,1
283,-2.67,1.26,-2.67,5104.03,1346.00,24,1,15,15,15,16,442253,2
284,-4.79,-9.22,-4.79,5104.03,1346.00,24,1,15,15,15,16,442476,2
285,-4.86,8.63,-4.86,5104.03,1346.00,24,1,15,15,15,16,442596,2
286,1.84,0.63,1.84,5104.04,1346.00,24,1,15,15,15,19,443961,1
287,3.10,-11.65,3.10,5104.04,1346.00,24,1,15,15,15,19,445037,1
288,1.18,-8.00,1.18,5104.04,1346.00,24,1,15,15,15,19,445326,2
289,-4.20,-8.51,-4.20,5104.04,1346.00,24,1,15,15,15,19,445461,1
290,1.18,0.16,1.18,5104.04,1346.00,24,1,15,15,15,19,445665,1
291,2.86,-12.24,2.86,5104.04,1346.00,24,1,15,15,15,20,446323,1
292,-8.36,2.71,-8.36,5104.04,1346.00,24,1,15,15,15,20,446519,1
293,10.43,-12.71,10.43,5104.04,1346.00,24,1,15,15,15,20,446911,2
294,-12.16,-15.97,-12.16,5104.04,1346.00,24,1,15,15,15,20,447040,2
295,-4.12,-16.63,-4.12,5104.04,1346.00,24,1,15,15,15,20,447546,1
296,0.24,-4.71,0.24,5104.04,1346.00,24,1,15,15,15,20,447793,2
297,-9.65,-1.26,-9.65,5104.04,1346.01,24,1,15,15,15,23,448272,2
298,6.71,9.49,6.71,5104.04,1346.01,24,1,15,15,15,23,448595,2
299,8.59,-5.88,8.59,5104.04,1346.01,24,1,15,15,15,23,448751,1
300,-5.33,-10.32,-5.33,5104.04,1346.01,24,1,15,15,15,23,449608,1
301,4.55,8.87,4.55,5104.04,1346.01,24,1,15,15,15,23,449922,1
302,-0.51,2.39,-0.51,5104.04,1346.01,24,1,15,15,15,24,450577,2
303,-5.65,6.94,-5.65,5104.04,1346.01,24,1,15,15,15,24,450905,2
304,-14.67,-13.38,-14.67,5104.04,1346.01,24,1,15,15,15,24,451444,1
305,-14.67,-13.38,-14.67,5104.04,1346.01,24,1,15,15,15,24,451558,2
306,-0.63,4.90,-0.63,5104.04,1346.01,24,1,15,15,15,24,451767,2
307,-1.80,-8.63,-1.80,5104.04,1346.02,24,1,15,15,15,27,452366,1
308,6.86,-17.26,6.86,5104.04,1346.02,24,1,15,15,15,27,452754,1
309,-2.47,-16.95,-2.47,5104.04,1346.02,24,1,15,15,15,27,453147,1
310,5.22,4.75,5.22,5104.04,1346.02,24,1,15,15,15,27,453758,1
311,0.78,0.94,0.78,5104.05,1346.02,24,1,15,15,15,28,454115,2
312,-20.01,4.12,-20.01,5104.05,1346.02,24,1,15,15,15,28,454312,2
313,-9.73,10.47,-9.73,5104.05,1346.02,24,1,15,15,15,28,454980,1
314,-1.73,-3.92,-1.73,5104.05,1346.02,24,1,15,15,15,31,456037,2
315,4.67,-1.84,4.67,5104.05,1346.02,24,1,15,15,15,31,456276,2
316,11.26,15.34,11.26,5104.05,1346.02,24,1,15,15,15,31,456482,1
317,-4.28,2.35,-4.28,5104.05,1346.02,24,1,15,15,15,31,456635,2
318,0.39,-0.39,0.39,5104.05,1346.02,24,1,15,15,15,31,457349,2
319,-2.71,-6.12,-2.71,5104.05,1346.02,24,1,15,15,15,31,457470,1
320,-2.71,-9.61,-2.71,5104.05,1346.02,24,1,15,15,15,31,457903,2
321,-14.75,15.42,-14.75,5104.05,1346.03,24,1,15,15,15,32,458304,1
322,0.63,-1.92,0.63,5104.05,1346.03,24,1,15,15,15,32,458690,1
323,-5.37,-2.04,-5.37,5104.05,1346.03,24,1,15,15,15,32,459392,2
324,2.94,-18.40,2.94,5104.05,1346.03,24,1,15,15,15,32,459755,1
325,-0.86,-9.34,-0.86,5104.05,1346.03,24,1,15,15,15,32,459884,1
326,-2.86,0.04,-2.86,5104.05,1346.03,24,1,15,15,15,35,460835,1
327,-5.65,13.81,-5.65,5104.05,1346.03,24,1,15,15,15,35,461015,2
328,-20.01,19.85,-20.01,5104.05,1346.03,24,1,15,15,15,35,461201,2
329,-1.22,-8.71,-1.22,5104.05,1346.03,24,1,15,15,15,35,461601,1
330,-0.86,-6.12,-0.86,5104.05,1346.03,24,1,15,15,15,35,461897,1
331,-4.67,14.83,-4.67,5104.05,1346.03,24,1,15,15,15,36,462390,1
332,-3.30,-3.26,-3.30,5104.05,1346.03,24,1,15,15,15,36,463485,2
333,-1.69,1.41,-1.69,5104.05,1346.04,24,1,15,15,15,39,464164,2
334,-2.31,-3.14,-2.31,5104.05,1346.04,24,1,15,15,15,39,464571,1
335,7.49,-18.59,7.49,5104.05,1346.04,24,1,15,15,15,39,464734,1
336,2.39,6.00,2.39,5104.05,1346.04,24,1,15,15,15,39,464843,2
337,1.69,5.41,1.69,5104.05,1346.04,24,1,15,15,15,40,466043,1
338,3.26,-5.45,3.26,5104.05,1346.04,24,1,15,15,15,40,466213,2
339,-0.35,-16.48,-0.35,5104.05,1346.04,24,1,15,15,15,40,466344,2
340,-3.88,-1.65,-3.88,5104.05,1346.04,24,1,15,15,15,40,466535,2
341,-0.78,-4.67,-0.78,5104.05,1346.04,24,1,15,15,15,40,466783,2
342,-3.53,0.43,-3.53,5104.05,1346.04,24,1,15,15,15,40,466959,2
343,-9.26,-14.91,-9.26,5104.05,1346.04,24,1,15,15,15,40,467245,2
344,-1.88,-2.24,-1.88,5104.05,1346.04,24,1,15,15,15,40,467870,2
345,4.90,5.73,4.90,5104.06,1346.05,24,1,15,15,15,43,468378,2
346,-3.77,-1.77,-3.77,5104.06,1346.05,24,1,15,15,15,43,468871,2
347,-16.91,18.08,-16.91,5104.06,1346.05,24,1,15,15,15,43,469400,2
348,-17.53,-7.14,-17.53,5104.06,1346.05,24,1,15,15,15,43,469771,1
349,4.94,-13.61,4.94,5104.06,1346.05,24,1,15,15,15,44,470212,2
350,10.67,-19.97,10.67,5104.06,1346.05,24,1,15,15,15,44,470578,1
351,7.61,-15.14,7.61,5104.06,1346.05,24,1,15,15,15,44,471569,2
352,-6.35,-0.82,-6.35,5104.06,1346.05,24,1,15,15,15,47,472185,2
353,7.65,-19.50,7.65,5104.06,1346.05,24,1,15,15,15,47,472834,1
354,-6.08,-0.51,-6.08,5104.06,1346.05,24,1,15,15,15,47,473349,2
355,0.04,-6.86,0.04,5104.06,1346.05,24,1,15,15,15,47,473541,2
356,-7.61,10.16,-7.61,5104.06,1346.05,24,1,15,15,15,47,473724,2
357,3.26,-9.53,3.26,5104.06,1346.06,24,1,15,15,15,48,474968,2
358,-8.90,3.80,-8.90,5104.06,1346.06,24,1,15,15,15,48,475819,1
359,4.28,9.18,4.28,5104.06,1346.06,2,41,15,15,15,51,476987,2
360,-8.43,7.61,-8.43,5104.06,1346.06,2,41,15,15,15,51,477511,2
361,-5.53,-1.10,-5.53,5104.06,1346.06,2,41,15,15,15,51,477873,2
362,7.92,-1.61,7.92,5104.07,1346.07,24,1,15,15,15,52,478524,2
363,-1.88,0.27,-1.88,5104.07,1346.07,24,1,15,15,15,52,479077,1
364,-3.41,4.79,-3.41,5104.07,1346.07,24,1,15,15,15,52,479387,1
365,0.31,-16.67,0.31,5104.07,1346.07,24,1,15,15,15,52,479715,2
366,-0.16,2.31,-0.16,5104.07,1346.07,24,1,15,15,15,55,480106,2
367,-5.77,-20.01,-5.77,5104.07,1346.07,24,1,15,15,15,55,480220,1
368,-1.57,-4.67,-1.57,5104.07,1346.07,24,1,15,15,15,55,480470,1
369,-2.79,0.12,-2.79,5104.07,1346.07,24,1,15,15,15,55,480590,2
370,-1.69,-1.77,-1.69,5104.07,1346.07,24,1,15,15,15,55,481338,2
371,-2.00,-4.51,-2.00,5104.07,1346.07,24,1,15,15,15,55,481455,2
372,-8.59,5.02,-8.59,5104.07,1346.08,24,1,15,15,15,59,484594,1
373,0.98,-3.14,0.98,5104.07,1346.08,24,1,15,15,15,59,484724,2
374,-12.12,-12.32,-12.12,5104.07,1346.08,24,1,15,15,15,59,484990,2
375,2.79,-9.45,2.79,5104.07,1346.08,24,1,15,15,15,59,485229,2
376,0.20,-4.31,0.20,5104.07,1346.08,24,1,15,15,16,0,486612,1
377,-15.22,12.20,-15.22,5104.07,1346.08,24,1,15,15,16,0,487273,1
378,10.36,5.37,10.36,5104.07,1346.08,24,1,15,15,16,0,487391,2
379,-5.06,-18.40,-5.06,5104.08,1346.08,24,1,15,15,16,3,488327,1
380,2.35,-14.24,2.35,5104.08,1346.08,24,1,15,15,16,3,488536,1
381,1.02,-2.43,1.02,5104.08,1346.08,24,1,15,15,16,3,488903,2
382,-20.01,9.34,-20.01,5104.08,1346.08,24,1,15,15,16,3,489141,2
383,-9.81,-2.08,-9.81,5104.08,1346.08,24,1,15,15,16,3,489578,2
384,0.16,-1.73,0.16,5104.08,1346.08,24,1,15,15,16,4,490172,1
385,0.55,-19.53,0.55,5104.08,1346.08,24,1,15,15,16,4,490849,2
386,-3.26,-0.78,-3.26,5104.08,1346.08,24,1,15,15,16,4,491033,1
387,0.55,2.67,0.55,5104.08,1346.08,24,1,15,15,16,4,491157,2
388,-4.24,-2.04,-4.24,5104.08,1346.08,24,1,15,15,16,4,491310,2
389,2.35,-15.10,2.35,5104.08,1346.08,24,1,15,15,16,4,491687,2
390,-0.51,3.80,-0.51,5104.08,1346.08,24,1,15,15,16,4,491853,1
391,-1.53,-1.06,-1.53,5104.08,1346.08,24,1,15,15,16,7,492282,2
392,0.43,20.01,0.43,5104.08,1346.08,24,1,15,15,16,7,492728,2
393,-1.80,1.88,-1.80,5104.08,1346.08,24,1,15,15,16,7,493836,2
394,-0.39,1.29,-0.39,5104.08,1346.08,24,1,15,15,16,7,493990,2
395,0.75,-19.93,0.75,5104.09,1346.08,24,1,15,15,16,8,494643,2
396,-0.59,-4.67,-0.59,5104.09,1346.08,24,1,15,15,16,8,495490,1
397,-0.94,-7.30,-0.94,5104.09,1346.08,24,1,15,15,16,8,495646,2
398,-0.12,-8.98,-0.12,5104.09,1346.08,24,1,15,15,16,8,495879,2
399,6.28,-10.67,6.28,5104.09,1346.08,24,1,15,15,16,8,496043,2
400,4.16,-20.01,4.16,5104.09,1346.08,24,1,15,15,16,11,496161,1
401,1.96,-3.88,1.96,5104.09,1346.08,24,1,15,15,16,11,496328,1
402,16.99,-5.49,16.99,5104.09,1346.08,24,1,15,15,16,11,496476,1
403,0.16,-2.75,0.16,5104.09,1346.08,24,1,15,15,16,11,496588,2
404,2.00,-15.06,2.00,5104.09,1346.08,24,1,15,15,16,11,497047,1
405,1.10,2.94,1.10,5104.09,1346.08,24,1,15,15,16,11,498079,2
406,0.67,-3.30,0.67,5104.03,1346.07,24,1,15,15,16,12,499069,1
407,-1.29,-3.06,-1.29,5104.03,1346.07,24,1,15,15,16,12,499546,2
408,10.40,17.65,10.40,5104.10,1346.07,24,1,15,15,16,16,500154,2
409,-0.59,-3.69,-0.59,5104.10,1346.07,24,1,15,15,16,16,500372,2
410,-0.78,0.24,-0.78,5104.10,1346.07,24,1,15,15,16,16,500486,2
411,-1.80,-4.86,-1.80,5104.10,1346.07,24,1,15,15,16,16,500897,2
412,0.00,10.63,0.00,5104.10,1346.07,24,1,15,15,16,16,501696,1
413,-14.67,-20.01,-14.67,5104.10,1346.07,24,1,15,15,16,16,501925,2
414,-3.92,7.65,-3.92,5104.10,1346.07,24,1,15,15,16,16,502146,1
415,0.55,-2.08,0.55,5104.10,1346.07,24,1,15,15,16,18,502288,1
416,-6.32,7.85,-6.32,5104.10,1346.07,24,1,15,15,16,18,502691,2
417,-2.28,-11.45,-2.28,5104.10,1346.07,24,1,15,15,16,18,502943,2
418,1.18,-2.90,1.18,5104.10,1346.07,24,1,15,15,16,20,504846,2
419,5.77,9.73,5.77,5104.10,1346.07,24,1,15,15,16,20,504988,2
420,3.18,-12.32,3.18,5104.10,1346.07,24,1,15,15,16,20,505268,2
421,-2.86,-1.33,-2.86,5104.10,1346.07,24,1,15,15,16,20,505499,2
422,2.59,-4.12,2.59,5104.10,1346.07,24,1,15,15,16,20,505769,2
423,-1.18,-2.00,-1.18,5104.10,1346.07,24,1,15,15,16,20,505880,2
424,-2.94,-7.37,-2.94,5104.10,1346.06,24,1,15,15,16,22,506301,1
425,1.10,-0.27,1.10,5104.10,1346.06,24,1,15,15,16,22,506883,2
426,1.73,4.31,1.73,5104.10,1346.06,24,1,15,15,16,22,507022,1
427,4.82,-20.01,4.82,5104.10,1346.06,24,1,15,15,16,22,507196,1
428,10.55,19.85,10.55,5104.10,1346.06,24,1,15,15,16,24,508281,1
429,4.08,2.67,4.08,5104.10,1346.06,24,1,15,15,16,24,508998,2
430,-5.96,9.10,-5.96,5104.10,1346.06,24,1,15,15,16,24,509153,1
431,-20.01,11.92,-20.01,5104.11,1346.06,24,1,15,15,16,26,510354,1
432,-3.37,-12.63,-3.37,5104.11,1346.06,24,1,15,15,16,26,511386,2
433,-7.18,0.24,-7.18,5104.11,1346.06,24,1,15,15,16,26,511755,2
434,-2.90,-6.43,-2.90,5104.11,1346.06,24,1,15,15,16,26,512014,2
435,1.18,-17.22,1.18,5104.11,1346.06,24,1,15,15,16,26,512163,2
436,-19.02,-3.02,-19.02,5104.11,1346.06,24,1,15,15,16,28,512532,2
437,-6.28,-3.57,-6.28,5104.11,1346.06,24,1,15,15,16,28,512816,2
438,-7.37,-0.24,-7.37,5104.11,1346.06,24,1,15,15,16,28,513975,2
439,3.77,-10.08,3.77,5104.11,1346.06,24,1,15,1,51,60,514501,2
440,-3.61,17.85,-3.61,5104.11,1346.06,24,1,15,1,51,60,514987,2
441,11.81,18.75,11.81,5104.11,1346.06,24,1,15,1,51,60,515695,2
442,-20.01,9.02,-20.01,5104.11,1346.06,24,1,15,1,51,60,516013,2
443,1.06,20.01,1.06,5104.11,1346.06,24,1,15,1,51,60,516260,2
444,4.20,8.79,4.20,5104.11,1346.06,24,1,15,1,51,60,516591,2
445,-2.47,6.16,-2.47,5104.11,1346.06,24,1,15,1,51,60,516698,1
446,0.75,-3.45,0.75,5104.11,1346.06,24,1,15,1,51,60,516848,1
447,0.24,17.65,0.24,5104.11,1346.06,24,1,15,1,51,60,517447,2
448,-1.77,-9.26,-1.77,5104.11,1346.06,24,1,15,1,51,60,517650,1
449,-1.53,-2.59,-1.53,5104.12,1346.05,24,1,15,15,16,34,518355,1
450,-3.73,-3.77,-3.73,5104.12,1346.05,24,1,15,15,16,34,519499,1
451,-17.65,3.57,-17.65,5104.12,1346.05,24,1,15,15,16,36,521313,2
452,-2.31,-2.39,-2.31,5104.12,1346.05,24,1,15,15,16,36,521522,2
453,2.94,-13.22,2.94,5104.12,1346.05,24,1,15,15,16,38,522968,2
454,-3.53,-4.86,-3.53,5104.12,1346.05,24,1,15,15,16,40,525059,2
455,7.10,4.51,7.10,5104.12,1346.05,24,1,15,15,16,40,525261,1
456,-14.32,3.69,-14.32,5104.12,1346.05,24,1,15,15,16,40,525506,1
457,-6.43,-5.10,-6.43,5104.12,1346.05,24,1,15,15,16,40,526069,2
458,-4.82,-3.65,-4.82,5104.12,1346.04,24,1,15,15,16,42,527684,1
459,-2.75,10.75,-2.75,5104.12,1346.04,24,1,15,15,16,42,528077,2
460,-4.28,-3.10,-4.28,5104.13,1346.04,24,1,15,15,16,44,529797,1
461,-4.51,4.24,-4.51,5104.13,1346.04,24,1,15,15,16,44,530253,2
462,1.65,-0.86,1.65,5104.13,1346.04,24,1,15,15,16,46,530373,2
463,-2.59,-0.78,-2.59,5104.13,1346.04,24,1,15,15,16,48,533151,2
464,7.85,-20.01,7.85,5104.13,1346.03,24,1,15,15,16,50,535836,1
465,-1.84,-6.98,-1.84,5104.13,1346.03,24,1,15,15,16,52,536827,2
466,-9.41,8.83,-9.41,5104.13,1346.03,24,1,15,15,16,52,537312,2
467,0.90,-13.02,0.90,5104.13,1346.03,24,1,15,15,16,52,537912,1
468,-8.12,2.71,-8.12,5104.13,1346.03,24,1,15,15,16,52,538296,2
469,-4.67,-8.43,-4.67,5104.13,1346.03,24,1,15,15,16,54,538437,2
470,-4.31,-0.20,-4.31,5104.13,1346.03,24,1,15,15,16,54,538790,1
471,-2.28,-2.55,-2.28,5104.13,1346.02,24,1,15,15,16,56,540922,2
472,-3.14,-14.08,-3.14,5104.13,1346.02,24,1,15,15,16,56,541139,1
473,8.39,1.33,8.39,5104.14,1346.02,24,1,15,15,16,58,542631,1
474,-0.71,-17.22,-0.71,5104.14,1346.02,24,1,15,15,16,58,542983,2
475,-14.71,0.90,-14.71,5104.14,1346.02,24,1,15,15,16,58,543454,1
476,0.75,2.39,0.75,5104.14,1346.02,24,1,15,15,17,0,545909,1
477,0.43,-9.14,0.43,5104.14,1346.01,24,1,15,15,17,2,546639,1
478,-1.06,-5.73,-1.06,5104.14,1346.01,24,1,15,15,17,2,547169,2
479,0.82,-8.83,0.82,5104.14,1346.01,24,1,15,15,17,2,547399,1
480,-1.45,-10.71,-1.45,5104.14,1346.01,24,1,15,15,17,2,548112,2
481,-8.59,11.57,-8.59,5104.14,1346.01,24,1,15,15,17,4,548472,2
482,1.41,6.35,1.41,5104.14,1346.01,24,1,15,15,17,4,549046,2
483,14.08,20.01,14.08,5104.14,1346.01,24,1,15,15,17,4,549787,2
484,-3.10,-0.59,-3.10,5104.14,1346.01,24,1,15,15,17,4,550369,2
485,-1.06,-0.71,-1.06,5104.14,1346.01,24,1,15,15,17,6,550709,2
486,-0.47,-19.61,-0.47,5104.14,1346.01,24,1,15,15,17,6,551523,1
487,-1.02,3.49,-1.02,5104.14,1346.00,24,1,15,15,17,8,552873,2
488,1.37,3.02,1.37,5104.14,1346.00,24,1,15,15,17,8,552982,2
489,-1.73,4.47,-1.73,5104.14,1346.00,24,1,15,15,17,8,554134,1
490,-1.73,6.24,-1.73,5104.14,1346.00,24,1,15,15,17,10,555168,2
491,-1.96,-8.39,-1.96,5104.14,1346.00,24,1,15,15,17,10,555392,2
492,-3.92,6.75,-3.92,5104.14,1345.99,24,1,15,15,17,12,558322,1
493,-4.00,-0.43,-4.00,5104.14,1345.99,24,1,15,15,17,14,558480,2
494,-9.41,20.01,-9.41,5104.14,1345.99,24,1,15,15,17,14,559288,2
495,1.49,-2.43,1.49,5104.14,1345.99,24,1,15,15,17,14,559722,1
496,8.12,-7.77,8.12,5104.15,1345.99,24,1,15,15,17,16,561217,1
497,2.51,-7.88,2.51,5104.15,1345.99,24,1,15,15,17,16,561424,2
498,-3.53,-5.92,-3.53,5104.15,1345.98,24,1,15,15,17,18,563659,2
499,-0.94,-15.57,-0.94,5104.15,1345.98,24,1,15,15,17,18,563956,2
500,1.14,-5.02,1.14,5104.15,1345.98,24,1,15,15,17,18,564085,2
501,-0.08,-1.84,-0.08,5104.15,1345.98,24,1,15,15,17,20,565057,1
502,1.37,-1.10,1.37,5104.15,1345.98,24,1,15,15,17,20,565356,2
503,0.35,-1.22,0.35,5104.15,1345.98,24,1,15,15,17,22,567555,1
504,-3.26,-7.22,-3.26,5104.15,1345.97,24,1,15,15,17,24,568812,1
505,-2.75,10.20,-2.75,5104.15,1345.97,24,1,15,15,17,24,569170,2
506,0.24,-5.45,0.24,5104.15,1345.97,24,1,15,15,17,24,569304,2
507,-1.26,-11.02,-1.26,5104.15,1345.97,24,1,15,15,17,24,569649,2
508,0.12,-8.51,0.12,5104.15,1345.97,24,1,15,15,17,24,569946,2
509,-4.98,8.43,-4.98,5104.15,1345.97,24,1,15,15,17,24,570151,1
510,7.26,-15.61,7.26,504.15,1345.97,24,1,15,15,17,26,570482,1
511,1.33,-5.73,1.33,504.15,1345.97,24,1,15,15,17,26,570689,1
512,-3.33,-7.22,-3.33,504.15,1345.97,24,1,15,15,17,26,571078,2
513,0.16,-1.61,0.16,504.15,1345.97,24,1,15,15,17,26,571439,1
514,-3.61,-4.79,-3.61,5104.15,1345.97,24,1,15,15,17,28,572500,2
515,-0.55,3.14,-0.55,5104.15,1345.97,24,1,15,15,17,28,572617,2
516,-0.12,3.77,-0.12,5104.15,1345.97,24,1,15,15,17,28,572862,1
517,-2.04,0.04,-2.04,5104.15,1345.97,24,1,15,15,17,28,573063,2
518,-9.49,-4.31,-9.49,5104.15,1345.97,24,1,15,15,17,28,573574,2
519,2.24,-4.31,2.24,5104.15,1345.96,24,1,15,15,17,30,575373,1
520,3.49,-5.81,3.49,5104.15,1345.96,24,1,15,15,17,30,575924,1
521,-2.24,3.57,-2.24,0.00,1345.96,24,1,15,1,51,73,576781,2
522,-11.85,12.24,-11.85,0.00,1345.96,24,1,15,1,51,73,578294,2
523,-2.75,3.14,-2.75,5104.15,1345.96,24,1,15,15,17,34,580269,1
524,-3.73,-6.04,-3.73,5104.15,1345.96,24,1,15,15,17,36,580676,1
525,-20.01,15.49,-20.01,5104.15,1345.96,24,1,15,15,17,36,582292,2
526,-6.12,-7.81,-6.12,5104.15,1345.96,24,1,15,15,17,36,582425,1
527,0.59,-0.12,0.59,5104.15,1345.95,24,1,15,15,17,38,583502,2
528,2.35,-6.32,2.35,5104.15,1345.95,24,1,15,15,17,38,583900,2
529,3.96,-10.20,3.96,5104.15,1345.95,24,1,15,15,17,38,584125,2
530,-2.16,-2.31,-2.16,5104.15,1345.95,24,1,15,15,17,40,586112,2
531,-1.33,-3.22,-1.33,5104.15,1345.95,24,1,15,15,17,40,586227,2
532,2.94,5.49,2.94,5104.15,1345.95,24,1,15,15,17,42,587692,2
533,-3.06,-8.36,-3.06,5104.15,1345.95,24,1,15,15,17,42,588475,1
534,0.78,-5.14,0.78,5104.16,1345.94,24,1,15,15,17,44,588805,1
535,-2.82,-11.73,-2.82,5104.16,1345.94,24,1,15,15,17,46,590966,2
536,-4.08,-8.51,-4.08,5104.16,1345.94,24,1,15,15,17,46,591550,1
537,1.53,0.16,1.53,5104.16,1345.94,24,1,15,15,17,46,591727,2
538,-4.51,-4.31,-4.51,5104.16,1345.94,24,1,15,15,17,48,594300,1
539,-3.65,-3.92,-3.65,5104.16,1345.93,24,1,15,15,17,50,596193,1
540,-1.22,-0.82,-1.22,5104.16,1345.93,24,1,15,15,17,52,598374,2
541,-4.08,-6.79,-4.08,5104.16,1345.93,24,1,15,15,17,54,599622,1
542,-5.53,-1.06,-5.53,5104.16,1345.92,24,1,15,15,17,56,601588,2
543,-5.92,-1.33,-5.92,5104.16,1345.92,24,1,15,15,17,56,601852,2
544,-0.82,-1.29,-0.82,5104.16,1345.92,24,1,15,15,17,56,601970,2
545,1.14,-2.59,1.14,5104.16,1345.92,24,1,15,15,17,56,602088,2
546,10.12,9.65,10.12,5104.16,1345.92,24,1,15,15,17,56,602520,1
547,-1.41,-0.31,-1.41,5104.16,1345.92,24,1,15,15,17,58,604392,1
548,0.71,-10.40,0.71,5104.16,1345.92,24,1,15,15,18,0,604627,1
549,0.20,-9.30,0.20,5104.16,1345.92,24,1,15,15,18,0,604859,2
550,7.34,-13.18,7.34,5104.16,1345.92,24,1,15,15,18,0,605116,2
551,1.02,-0.71,1.02,5104.16,1345.92,24,1,15,15,18,0,605440,1
552,-2.04,4.04,-2.04,5104.16,1345.91,24,1,15,15,18,2,607603,2
553,-2.79,-7.88,-2.79,5104.16,1345.91,24,1,15,15,18,2,608563,2
554,1.88,-19.18,1.88,5104.16,1345.91,24,1,15,15,18,4,608927,1
555,-3.37,2.00,-3.37,5104.16,1345.91,24,1,15,15,18,4,609839,1
556,-2.90,-1.33,-2.90,5104.16,1345.90,24,1,15,15,18,6,612171,2
557,0.90,5.53,0.90,5104.16,1345.90,24,1,15,15,18,6,612533,1
558,-7.61,2.59,-7.61,5104.16,1345.90,24,1,15,15,18,8,612840,2
559,-1.77,-2.39,-1.77,5104.17,1345.89,24,1,15,15,18,10,615252,2
560,5.30,-14.24,5.30,5104.17,1345.89,24,1,15,15,18,10,615633,2
561,-4.28,18.87,-4.28,5104.17,1345.89,24,1,15,15,18,10,616292,1
562,-3.33,-2.12,-3.33,5104.17,1345.89,24,1,15,15,18,12,617602,2
563,-1.69,-1.45,-1.69,5104.17,1345.89,24,1,15,15,18,12,617973,2
564,2.79,-1.92,2.79,5104.17,1345.89,24,1,15,15,18,14,618719,1
565,-3.18,-6.51,-3.18,5104.17,1345.89,24,1,15,15,18,14,620263,2
566,-20.01,14.75,-20.01,5104.17,1345.88,24,1,15,15,18,16,620694,2
567,-5.30,12.20,-5.30,5104.17,1345.88,24,1,15,15,18,16,621444,2
568,-3.49,-2.82,-3.49,5104.17,1345.88,24,1,15,15,18,16,621706,2
569,-2.59,3.57,-2.59,5104.17,1345.88,24,1,15,15,18,16,621843,2
570,-1.14,-10.12,-1.14,5104.17,1345.88,24,1,15,15,18,16,621981,2
571,0.31,-3.26,0.31,5104.17,1345.88,24,1,15,15,18,16,622567,2
572,-20.01,8.79,-20.01,5104.17,1345.88,24,1,15,15,18,16,622731,2
573,-1.26,-6.00,-1.26,5104.17,1345.88,24,1,15,15,18,16,623158,2
574,-2.16,8.04,-2.16,5104.17,1345.88,24,1,15,15,18,16,623271,2
575,-3.41,-1.37,-3.41,5104.17,1345.88,24,1,15,15,18,16,623496,2
576,0.20,-2.24,0.20,5104.17,1345.88,24,1,15,15,18,16,623608,2
577,2.98,-8.28,2.98,5104.17,1345.88,24,1,15,15,18,16,623820,2
578,8.04,-20.01,8.04,5104.17,1345.87,24,1,15,15,18,22,627039,2
579,-17.14,6.43,-17.14,5104.17,1345.87,24,1,15,15,18,22,627460,2
580,3.92,-4.08,3.92,5104.17,1345.87,24,1,15,15,18,22,627968,1
581,-0.90,-5.69,-0.90,5104.17,1345.87,24,1,15,15,18,22,628126,1
582,4.43,-1.22,4.43,5104.17,1345.87,24,1,15,15,18,22,628258,2
583,-2.04,-7.96,-2.04,5104.18,1345.86,24,1,15,15,18,24,628691,2
584,-3.26,2.94,-3.26,5104.18,1345.86,24,1,15,15,18,24,629424,2
585,1.80,0.67,1.80,5104.18,1345.86,24,1,15,15,18,24,629559,1
586,4.24,-18.55,4.24,5104.18,1345.86,24,1,15,15,18,24,629991,1
587,-17.10,8.51,-17.10,5104.18,1345.86,24,1,15,15,18,24,630242,2
588,7.37,-20.01,7.37,5104.18,1345.86,24,1,15,15,18,24,630423,1
589,-1.65,-2.63,-1.65,516.20,1345.86,24,1,15,15,18,26,631270,1
590,-3.37,-6.71,-3.37,516.20,1345.86,24,1,15,15,18,26,631735,2
591,2.04,-2.79,2.04,5104.18,1345.85,24,1,15,15,18,28,632724,2
592,-2.20,-0.67,-2.20,5104.18,1345.85,24,1,15,15,18,28,633390,2
593,-3.33,-1.80,-3.33,5104.18,1345.85,24,1,15,15,18,28,633595,2
594,5.06,-15.57,5.06,5104.18,1345.85,24,1,15,15,18,28,633759,2
595,-2.94,1.10,-2.94,5104.18,1345.85,24,1,15,15,18,28,633888,2
596,-1.18,9.02,-1.18,5104.18,1345.85,24,1,15,15,18,28,634430,2
597,-0.27,-6.98,-0.27,5104.18,1345.85,24,1,15,15,18,28,634547,1
598,-1.14,14.36,-1.14,5104.18,1345.85,24,1,15,15,18,30,635910,2
599,-11.14,4.31,-11.14,5104.18,1345.85,24,1,15,15,18,30,636060,2
600,2.28,-1.73,2.28,5104.18,1345.85,24,1,15,15,18,30,636232,1
601,4.08,-5.57,4.08,5104.18,1345.84,24,1,15,15,18,32,637741,1
602,6.67,-9.38,6.67,5104.18,1345.84,24,1,15,15,18,32,638319,2
603,0.04,-1.77,0.04,5104.18,1345.84,24,1,15,15,18,32,638621,1
604,-3.88,-8.71,-3.88,5104.18,1345.84,24,1,15,15,18,34,639301,2
605,-3.96,0.71,-3.96,5104.18,1345.84,24,1,15,15,18,34,639612,1
606,-0.12,-6.16,-0.12,5104.18,1345.84,24,1,15,15,18,34,639765,2
607,-10.32,8.67,-10.32,5104.18,1345.84,24,1,15,15,18,34,640390,2
608,-14.08,-8.36,-14.08,5104.18,1345.84,24,1,15,15,18,36,641554,1
609,11.14,15.69,11.14,5104.18,1345.84,24,1,15,15,18,36,641719,2
610,-5.26,-3.33,-5.26,5104.18,1345.84,24,1,15,15,18,36,641862,2
611,-0.31,-5.41,-0.31,5104.18,1345.84,24,1,15,15,18,36,642197,2
612,4.82,3.14,4.82,5104.18,1345.83,24,1,15,15,18,38,642724,2
613,-4.67,-7.37,-4.67,5104.18,1345.83,24,1,15,15,18,38,643221,2
614,1.02,-4.04,1.02,5104.18,1345.83,24,1,15,15,18,38,643550,2
615,1.77,-20.01,1.77,5104.18,1345.83,24,1,15,15,18,38,643687,2
616,-2.79,-1.26,-2.79,5104.18,1345.83,24,1,15,15,18,38,643973,2
617,4.24,8.04,4.24,5104.19,1345.83,24,1,15,15,18,40,645389,2
618,-5.61,-4.98,-5.61,5104.19,1345.83,24,1,15,15,18,40,645722,2
619,6.55,-7.02,6.55,5104.19,1345.83,24,1,15,15,18,40,645979,2
620,-5.65,2.08,-5.65,5104.19,1345.83,24,1,15,15,18,40,646088,2
621,-2.47,-1.88,-2.47,5104.19,1345.82,24,1,15,15,18,42,646775,2
622,5.06,-15.81,5.06,5104.19,1345.82,24,1,15,15,18,42,647057,1
623,-2.24,-20.01,-2.24,5104.19,1345.82,24,1,15,15,18,42,647314,1
624,-1.18,-17.50,-1.18,5104.19,1345.82,24,1,15,15,18,42,648223,1
625,-0.75,-11.89,-0.75,5104.19,1345.82,24,1,15,15,18,44,649346,2
626,-1.65,1.80,-1.65,5104.19,1345.82,24,1,15,15,18,44,649461,2
627,2.20,-16.55,2.20,5104.19,1345.82,24,1,15,15,18,44,650153,2
628,-4.31,4.82,-4.31,5104.19,1345.82,24,1,15,15,18,44,650430,2
629,-3.96,-4.86,-3.96,5104.19,1345.82,24,1,15,15,18,44,650710,1
630,-2.16,-2.35,-2.16,5104.19,1345.82,24,1,15,15,18,46,650832,1
631,-9.26,-0.43,-9.26,5104.19,1345.82,24,1,15,15,18,46,651029,1
632,3.22,-1.53,3.22,5104.19,1345.82,24,1,15,15,18,46,651187,2
633,-19.81,6.35,-19.81,5104.19,1345.82,24,1,15,15,18,46,651363,2
634,-3.73,-1.53,-3.73,5104.19,1345.82,24,1,15,15,18,46,651577,2
635,-3.02,1.53,-3.02,5104.19,1345.81,24,1,15,15,18,48,654583,2
636,-5.96,-4.63,-5.96,5104.19,1345.81,24,1,15,15,18,48,654771,2
637,-2.43,-5.18,-2.43,5104.19,1345.81,24,1,15,15,18,50,655009,1
638,2.00,-0.08,2.00,5104.19,1345.81,24,1,15,15,18,50,655501,2
639,2.98,-3.88,2.98,5104.19,1345.81,24,1,15,15,18,50,655609,2
640,-1.80,1.92,-1.80,5104.19,1345.81,24,1,15,15,18,50,655858,2
641,2.90,3.10,2.90,5104.19,1345.81,24,1,15,15,18,50,656176,2
642,-9.77,-0.90,-9.77,5104.19,1345.80,24,1,15,15,18,52,657045,1
643,-0.63,-2.04,-0.63,5104.19,1345.80,24,1,15,15,18,52,658206,1
644,-3.26,-7.41,-3.26,5104.19,1345.80,24,1,15,15,18,52,658764,2
645,10.51,-20.01,10.51,5104.19,1345.80,24,1,15,15,18,55,658888,1
646,-6.12,0.16,-6.12,5104.19,1345.80,24,1,15,15,18,55,659588,2
647,0.12,-2.75,0.12,5104.20,1345.76,24,1,15,15,19,8,674694,1
648,-1.10,-3.33,-1.10,5104.15,1345.70,24,1,15,15,19,47,711228,1
649,-0.98,-4.28,-0.98,5104.14,1345.69,24,1,15,15,19,51,715035,2
650,-1.33,-2.47,-1.33,5104.14,1345.69,24,1,15,15,19,52,717494,1
651,-2.55,-4.82,-2.55,5104.13,1345.69,24,1,15,15,19,54,720101,1
652,-2.08,-3.65,-2.08,5104.11,1345.67,24,1,15,15,20,2,728162,1
653,-3.10,-4.67,-3.10,5104.10,1345.67,24,1,15,15,20,8,733117,1
654,-1.84,-1.57,-1.84,5104.10,1345.67,24,1,15,15,20,10,736788,3
655,0.08,-14.55,0.08,5104.09,1345.67,24,1,15,15,20,12,738651,1
656,0.82,-1.22,0.82,5104.09,1345.66,24,1,15,15,20,14,740035,3
657,-1.14,-2.16,-1.14,5104.08,1345.66,24,1,15,15,20,18,744388,2
658,-7.06,-14.59,-7.06,5104.08,1345.66,24,1,15,15,20,22,748122,1
659,0.43,3.22,0.43,5104.08,1345.66,24,1,15,15,20,22,748235,1
660,-3.06,16.28,-3.06,5104.07,1345.65,24,1,15,15,20,28,752958,2
661,3.37,-6.55,3.37,5104.06,1345.65,24,1,15,15,20,32,758518,2
662,-0.16,-10.55,-0.16,5104.06,1345.65,24,1,15,15,20,38,764028,2
663,1.73,1.37,1.73,5104.06,1345.65,24,1,15,15,20,38,764166,2
664,-3.26,5.73,-3.26,5104.06,1345.65,24,1,15,15,20,38,764556,1
665,5.14,-1.29,5.14,5104.06,1345.65,24,1,15,15,20,38,764667,1
666,-2.35,-6.79,-2.35,5104.06,1345.65,24,1,15,15,20,38,764884,2
667,-0.47,-4.08,-0.47,5104.05,1345.64,24,1,15,15,20,42,767440,2
668,-0.43,-4.35,-0.43,5104.05,1345.64,24,1,15,15,20,42,768379,1
669,2.24,-7.65,2.24,5104.05,1345.64,24,1,15,15,20,42,768630,2
670,-1.18,-5.96,-1.18,5104.04,1345.64,24,1,15,15,20,44,769213,1
671,-2.04,-4.51,-2.04,5104.00,1345.61,24,1,15,15,21,8,794680,1
672,-0.67,-3.22,-0.67,5103.99,1345.61,24,1,15,15,21,12,797368,1
673,-0.20,-3.92,-0.20,5103.98,1345.60,24,1,15,15,21,16,801712,1
674,-1.53,-4.00,-1.53,5103.97,1345.59,24,1,15,15,21,20,806041,1
675,-1.69,-3.65,-1.69,5103.97,1345.59,24,1,15,15,21,22,808226,1
676,-1.02,-3.65,-1.02,5103.97,1345.59,24,1,15,15,21,24,809237,1
677,-1.80,-2.35,-1.80,5103.95,1345.58,24,1,15,15,21,31,816195,1
678,0.78,-7.41,0.78,5103.95,1345.58,24,1,15,15,21,32,818325,3
679,-1.02,-3.06,-1.02,5103.93,1345.57,24,1,15,15,21,42,828722,3
680,-1.33,-1.37,-1.33,5103.91,1345.55,24,1,15,15,21,51,836113,1
681,0.47,-1.29,0.47,5103.92,1345.45,24,1,15,15,22,19,863368,2
682,0.08,-7.88,0.08,5103.93,1345.41,24,1,15,15,22,31,875043,2
683,-4.47,-2.35,-4.47,5103.93,1345.41,24,1,15,15,22,31,875155,2
684,2.20,-7.61,2.20,5103.93,1345.41,24,1,15,15,22,31,875944,1
685,-1.92,-9.61,-1.92,5103.93,1345.41,24,1,15,15,22,31,876406,2
686,-8.43,4.31,-8.43,5103.93,1345.41,24,1,15,15,22,31,876867,2
687,-1.69,-7.10,-1.69,5103.93,1345.40,24,1,15,15,22,32,877816,1
688,3.49,-3.18,3.49,5103.93,1345.40,24,1,15,15,22,32,878011,1
689,-6.16,-8.98,-6.16,5103.93,1345.40,24,1,15,15,22,32,878765,2
690,-0.78,-4.35,-0.78,5103.94,1345.39,24,1,15,15,22,36,882056,2
691,3.73,-5.37,3.73,5103.94,1345.39,24,1,15,15,22,36,882650,2
692,-4.20,-1.26,-4.20,5103.94,1345.39,24,1,15,15,22,36,882989,2
693,-2.08,-3.77,-2.08,5103.91,1345.37,24,1,15,15,22,55,899947,1
694,-3.65,-2.86,-3.65,5103.90,1345.37,24,1,15,15,22,59,903484,1
695,-1.41,-0.04,-1.41,5103.90,1345.37,24,1,15,15,22,59,903705,1
696,-1.69,0.35,-1.69,5103.89,1345.36,24,1,15,15,23,7,912100,2
697,-1.29,-0.35,-1.29,5103.88,1345.36,24,1,15,15,23,8,913567,2
698,-2.20,-0.86,-2.20,5103.88,1345.36,24,1,15,15,23,8,914038,1
699,-1.06,-3.65,-1.06,5103.88,1345.36,24,1,15,15,23,8,914457,2
700,-0.39,-6.67,-0.39,5103.88,1345.35,24,1,15,15,23,11,916101,1
701,-1.10,-1.57,-1.10,5103.87,1345.35,24,1,15,15,23,15,919103,1
702,-0.43,-1.53,-0.43,5103.87,1345.35,24,1,15,15,23,15,920027,1
703,-0.86,-4.71,-0.86,5103.86,1345.34,24,1,15,15,23,20,926249,2
704,2.08,-7.53,2.08,5103.86,1345.35,24,1,15,15,23,24,929874,2
705,-2.31,-1.92,-2.31,5103.86,1345.35,24,1,15,15,23,24,929993,2
706,0.55,-4.98,0.55,5103.86,1345.35,24,1,15,15,23,24,930923,2
707,0.00,-4.63,0.00,5103.85,1345.35,24,1,15,15,23,27,932316,1
708,-9.77,19.69,-9.77,5103.85,1345.35,24,1,15,15,23,27,932583,2
709,-3.80,-2.24,-3.80,5103.85,1345.35,24,1,15,15,23,28,934367,2
710,0.35,-1.53,0.35,5103.85,1345.35,24,1,15,15,23,28,934481,2
711,-14.20,7.57,-14.20,5103.85,1345.35,24,1,15,15,23,28,934739,2
712,5.57,-9.26,5.57,5103.85,1345.34,24,1,15,15,23,31,935291,2
713,-1.29,-9.18,-1.29,5103.85,1345.34,24,1,15,15,23,31,935420,2
714,2.39,0.63,2.39,5103.85,1345.34,24,1,15,15,23,31,935570,2
715,-3.88,-5.73,-3.88,5103.85,1345.34,24,1,15,15,23,31,936028,2
716,0.00,-2.71,0.00,5103.85,1345.34,24,1,15,15,23,31,936427,2
717,1.14,-9.34,1.14,5103.85,1345.34,24,1,15,15,23,31,936752,1
718,-2.43,-0.47,-2.43,5103.84,1345.34,24,1,15,15,23,32,937239,2
719,1.10,4.35,1.10,5103.84,1345.34,24,1,15,15,23,32,937351,2
720,1.84,-6.47,1.84,5103.84,1345.34,24,1,15,15,23,32,937470,2
721,2.47,6.35,2.47,5103.84,1345.34,24,1,15,15,23,32,938231,1
722,12.55,8.55,12.55,5103.84,1345.34,24,1,15,15,23,32,938339,2
723,0.39,-6.51,0.39,5103.84,1345.34,24,1,15,15,23,35,939687,1
724,-4.55,-18.12,-4.55,5103.84,1345.34,24,1,15,15,23,35,940516,2
725,-1.49,0.63,-1.49,5103.84,1345.34,24,1,15,15,23,35,940632,2
726,-1.33,-1.96,-1.33,5103.84,1345.34,24,1,15,15,23,35,940901,1
727,-0.08,-6.71,-0.08,5103.84,1345.34,24,1,15,15,23,36,941332,2
728,-8.90,-12.28,-8.90,5103.84,1345.34,24,1,15,15,23,36,941564,2
729,-2.67,-4.98,-2.67,5103.84,1345.34,24,1,15,15,23,36,942858,2
730,-9.38,-0.08,-9.38,5103.84,1345.34,24,1,15,15,23,36,942991,2
731,-1.53,0.35,-1.53,5103.83,1345.34,24,1,15,15,23,39,943171,2
732,-1.06,0.78,-1.06,5103.83,1345.34,24,1,15,15,23,39,943832,2
733,-0.82,2.51,-0.82,5103.83,1345.34,24,1,15,15,23,39,943993,2
734,-1.61,-5.84,-1.61,5103.83,1345.34,24,1,15,15,23,39,944611,2
735,-20.01,17.14,-20.01,5103.83,1345.34,24,1,15,15,23,39,944899,2
736,1.41,-8.51,1.41,5103.83,1345.34,24,1,15,15,23,39,945084,2
737,-1.41,-14.75,-1.41,5103.83,1345.33,24,1,15,15,23,40,946038,2
738,-3.10,-17.69,-3.10,5103.83,1345.33,24,1,15,15,23,40,946402,2
739,-20.01,17.10,-20.01,5103.83,1345.33,24,1,15,15,23,40,946575,2
740,-9.57,2.63,-9.57,5103.83,1345.33,24,1,15,15,23,43,947624,2
741,-18.40,8.43,-18.40,5103.83,1345.33,24,1,15,15,23,44,949196,2
742,0.16,0.94,0.16,5103.83,1345.33,24,1,15,15,23,44,951048,2
743,3.53,-5.33,3.53,5103.82,1345.33,24,1,15,15,23,47,951578,2
744,-2.24,-1.41,-2.24,5103.82,1345.33,24,1,15,15,23,47,951955,2
745,-7.69,-19.77,-7.69,5103.82,1345.33,24,1,15,15,23,48,953234,2
746,8.75,-0.39,8.75,5103.82,1345.33,24,1,15,15,23,48,953349,2
747,5.18,-9.14,5.18,5103.82,1345.33,24,1,15,15,23,48,953495,2
748,-0.90,-11.57,-0.90,5103.82,1345.33,24,1,15,15,23,48,953616,1
749,0.43,2.59,0.43,5103.82,1345.33,24,1,15,15,23,48,954231,1
750,-2.04,-1.49,-2.04,5103.82,1345.32,24,1,15,15,23,51,955257,2
751,-5.81,-1.10,-5.81,5103.82,1345.32,24,1,15,15,23,51,955813,2
752,-1.02,-3.57,-1.02,5103.82,1345.32,24,1,15,15,23,51,956018,2
753,2.39,-6.90,2.39,5103.82,1345.32,24,1,15,15,23,51,956376,2
754,-3.49,-19.57,-3.49,5103.82,1345.32,24,1,15,15,23,51,956488,1
755,0.27,-17.10,0.27,5103.82,1345.32,24,1,15,15,23,52,957209,2
756,-5.10,-3.73,-5.10,5103.82,1345.32,24,1,15,15,23,52,957389,2
757,-0.12,-6.47,-0.12,5103.82,1345.32,24,1,15,15,23,52,957504,2
758,-2.28,-14.36,-2.28,5103.82,1345.32,24,1,15,15,23,52,957654,2
759,-2.28,20.01,-2.28,5103.82,1345.32,24,1,15,15,23,52,958044,2
760,-5.33,-7.37,-5.33,5103.82,1345.32,24,1,15,15,23,52,958340,1
761,2.20,-6.08,2.20,5103.81,1345.32,24,1,15,15,23,55,959320,2
762,-10.55,19.30,-10.55,5103.81,1345.32,24,1,15,15,23,55,959572,1
763,5.81,-17.81,5.81,5103.81,1345.32,24,1,15,15,23,55,959774,2
764,-0.55,3.10,-0.55,5103.81,1345.32,24,1,15,15,23,55,960177,2
765,-5.57,-13.18,-5.57,5103.81,1345.32,24,1,15,15,23,55,960578,1
766,-3.77,-0.67,-3.77,5103.81,1345.32,24,1,15,15,23,55,961070,2
767,7.53,-9.65,7.53,5103.81,1345.32,24,1,15,15,23,56,961494,1
768,-0.08,0.12,-0.08,5103.81,1345.32,24,1,15,15,23,56,962320,2
769,-1.33,2.47,-1.33,5103.81,1345.32,24,1,15,15,23,56,962752,1
770,-1.37,19.26,-1.37,5103.81,1345.32,24,1,15,15,23,56,962866,2
771,-8.59,-20.01,-8.59,5103.81,1345.32,24,1,15,15,23,56,963091,2
772,-3.49,-3.33,-3.49,5103.81,1345.31,24,1,15,15,23,59,963258,1
773,-4.82,-2.31,-4.82,5103.81,1345.31,24,1,15,15,23,59,964366,1
774,-2.08,-2.20,-2.08,5103.81,1345.31,24,1,15,15,23,59,964631,2
775,-5.73,-7.34,-5.73,5103.81,1345.31,24,1,15,15,23,59,964769,2
776,4.47,1.96,4.47,5103.81,1345.31,24,1,15,15,23,59,964978,2
777,1.45,-3.61,1.45,5103.81,1345.31,24,1,15,15,24,0,965407,2
778,1.53,1.77,1.53,5103.81,1345.31,24,1,15,15,24,0,965526,2
779,-4.20,-1.69,-4.20,5103.80,1345.31,24,1,15,15,24,3,968387,2
780,-4.51,-16.71,-4.51,5103.80,1345.31,24,1,15,15,24,3,968963,2
781,12.79,14.40,12.79,5103.80,1345.31,24,1,15,15,24,4,969309,1
782,0.04,-1.57,0.04,5103.80,1345.31,24,1,15,15,24,4,970038,2
783,-1.26,-5.61,-1.26,5103.80,1345.31,24,1,15,15,24,4,970203,1
784,-0.78,-8.12,-0.78,5103.80,1345.31,24,1,15,15,24,4,970316,2
785,-18.75,-11.26,-18.75,5103.80,1345.31,24,1,15,15,24,4,970470,1
786,-6.67,2.94,-6.67,5103.80,1345.31,24,1,15,15,24,4,970716,1
787,2.79,0.35,2.79,5103.80,1345.31,24,1,15,15,24,4,970839,1
788,0.86,-0.04,0.86,5103.80,1345.31,24,1,15,15,24,4,971096,2
789,0.12,-5.88,0.12,5103.79,1345.31,24,1,15,15,24,8,974314,1
790,-2.75,0.78,-2.75,5103.79,1345.31,24,1,15,15,24,8,975097,1
791,2.55,-2.08,2.55,5103.79,1345.30,24,1,15,15,24,12,977328,1
792,-8.83,-5.88,-8.83,5103.79,1345.30,24,1,15,15,24,12,977699,2
793,-0.94,-1.73,-0.94,5103.79,1345.30,24,1,15,15,24,12,978784,1
794,-4.20,-2.16,-4.20,5103.78,1345.30,4,1,15,15,24,15,979512,2
795,-3.33,0.82,-3.33,5103.78,1345.30,4,1,15,15,24,15,979965,1
796,-1.73,1.57,-1.73,5103.78,1345.30,4,1,15,15,24,15,980077,1
797,-3.53,0.43,-3.53,5103.78,1345.25,24,1,15,15,24,28,993309,1
798,0.39,9.38,0.39,5103.78,1345.24,24,1,15,15,24,35,999618,2
799,0.04,-9.34,0.04,5103.78,1345.23,24,1,15,15,24,36,1002440,2
800,-4.51,-0.71,-4.51,5103.78,1345.23,24,1,15,15,24,36,1002756,1
801,-1.29,-0.55,-1.29,5103.78,1345.23,24,1,15,15,24,36,1003137,1
802,-0.47,2.20,-0.47,5103.78,1345.22,24,1,15,15,24,39,1003460,2
803,-3.88,-4.98,-3.88,5103.78,1345.22,24,1,15,15,24,39,1004397,1
804,2.71,-6.55,2.71,5103.78,1345.22,24,1,15,15,24,40,1006741,1
805,20.01,2.67,20.01,5103.78,1345.22,24,1,15,15,24,43,1007752,1
806,4.94,-6.63,4.94,5103.78,1345.22,24,1,15,15,24,43,1007950,1
807,-3.92,-2.24,-3.92,5103.78,1345.19,24,1,15,15,24,52,1017366,1
808,-1.22,-2.24,-1.22,5103.78,1345.18,24,1,15,15,24,55,1020715,1
809,-5.06,-1.57,-5.06,5103.78,1345.17,24,1,15,15,24,59,1023408,2
810,1.37,-0.31,1.37,5103.78,1345.15,24,1,15,15,25,3,1027834,1
811,-1.96,-4.75,-1.96,5103.78,1345.14,24,1,15,15,25,4,1030621,2
812,-0.27,3.65,-0.27,5103.78,1345.14,24,1,15,15,25,7,1031506,2
813,1.57,-9.96,1.57,5103.78,1345.13,24,1,15,15,25,8,1033260,1
814,-1.77,-1.61,-1.77,5103.79,1345.09,24,1,15,15,25,19,1043273,1
815,-2.71,-4.24,-2.71,5103.79,1345.09,24,1,15,15,25,19,1043690,2
816,7.88,-14.75,7.88,5103.79,1345.09,24,1,15,15,25,19,1043806,1
817,-1.77,-2.12,-1.77,5103.79,1345.09,24,1,15,15,25,19,1044031,2
818,3.22,11.34,3.22,5103.79,1345.09,24,1,15,15,25,19,1044698,2
819,-1.41,-3.73,-1.41,5103.79,1345.09,24,1,15,15,25,19,1045091,1
820,-0.04,-10.43,-0.04,5103.79,1345.09,24,1,15,15,25,19,1045208,1
821,-0.27,-8.51,-0.27,5103.79,1345.09,24,1,15,15,25,20,1046819,1
822,5.26,1.22,5.26,5103.79,1345.09,24,1,15,15,25,20,1047162,2
823,1.37,-4.24,1.37,5103.79,1345.08,24,1,15,15,25,23,1047451,1
824,0.08,0.00,0.08,5103.79,1345.08,24,1,15,15,25,23,1047560,1
825,1.49,-2.28,1.49,5103.79,1345.08,24,1,15,15,25,23,1048115,1
826,0.75,-1.06,0.75,5103.79,1345.08,24,1,15,15,25,23,1048224,1
827,-13.73,1.88,-13.73,5103.79,1345.08,24,1,15,15,25,23,1048385,2
828,2.51,-8.63,2.51,5103.79,1345.08,24,1,15,15,25,23,1048561,1
829,4.67,-10.20,4.67,5103.79,1345.08,24,1,15,15,25,23,1048847,1
830,3.84,3.22,3.84,5103.79,4115.00,0,0,0,15,25,24,1049413,1
831,-8.24,-0.08,-8.24,5103.79,4115.00,0,0,0,15,25,24,1049759,2
832,-3.22,-11.61,-3.22,5103.79,4115.00,0,0,0,15,25,24,1050006,1
833,-2.55,1.22,-2.55,5103.79,1345.07,24,1,15,15,25,27,1051481,2
834,1.88,-8.90,1.88,5103.79,1345.07,24,1,15,15,25,27,1051629,1
835,1.84,-5.26,1.84,5103.79,1345.07,24,1,15,15,25,27,1051932,2
836,3.41,5.65,3.41,5103.79,1345.07,24,1,15,15,25,27,1052274,2
837,5.73,1.88,5.73,5103.79,1345.07,24,1,15,15,25,27,1052381,1
838,0.31,-16.20,0.31,5103.79,1345.07,24,1,15,15,25,27,1052522,1
839,-1.29,-5.65,-1.29,5103.79,1345.07,24,1,15,15,25,27,1052746,1
840,2.94,15.34,2.94,5103.79,1345.07,24,1,15,15,25,27,1053302,1
841,1.29,-1.61,1.29,5103.79,1345.06,24,1,15,15,25,28,1053671,1
842,-0.47,0.27,-0.47,5103.79,1345.06,24,1,15,15,25,28,1054126,1
843,1.37,2.28,1.37,5103.79,1345.06,24,1,15,15,25,28,1054415,2
844,-18.08,2.55,-18.08,5103.79,1345.06,24,1,15,15,25,28,1054832,1
845,-0.78,-8.87,-0.78,5103.79,1345.06,24,1,15,15,25,28,1054950,2
846,-0.04,-14.59,-0.04,5103.79,1345.06,24,1,15,15,25,28,1055167,2
847,-6.39,-4.86,-6.39,5103.79,1345.06,24,1,15,15,25,28,1055324,1
848,-0.43,-3.77,-0.43,5103.79,1345.05,24,1,15,15,25,31,1055705,2
849,1.80,0.51,1.80,5103.79,1345.05,24,1,15,15,25,31,1056117,2
850,-3.65,-6.32,-3.65,5103.79,1345.05,24,1,15,15,25,31,1056227,2
851,1.10,-6.75,1.10,5103.79,1345.05,24,1,15,15,25,31,1056393,2
852,-2.75,-2.16,-2.75,5103.79,1345.05,24,1,15,15,25,31,1056507,2
853,0.08,2.51,0.08,5103.79,1345.05,24,1,15,15,25,31,1056676,1
854,2.28,-1.29,2.28,5103.79,1345.05,24,1,15,15,25,31,1056910,2
855,1.69,-0.47,1.69,5103.79,1345.05,24,1,15,15,25,31,1057377,1
856,-5.73,5.30,-5.73,5103.79,1345.05,24,1,15,15,25,32,1058776,1
857,17.26,14.04,17.26,5103.79,1345.05,24,1,15,15,25,32,1059048,1
858,-3.14,-6.28,-3.14,5103.79,1345.05,24,1,15,15,25,32,1059177,2
859,-5.45,-1.33,-5.45,5103.79,1345.04,24,1,15,15,25,35,1059719,1
860,2.90,-5.69,2.90,5103.79,1345.04,24,1,15,15,25,35,1059892,2
861,-6.47,-2.59,-6.47,5103.79,1345.04,24,1,15,15,25,35,1060044,1
862,-2.43,-2.12,-2.43,5103.79,1345.04,24,1,15,15,25,35,1060160,1
863,-1.61,-6.39,-1.61,5103.79,1345.04,24,1,15,15,25,35,1060542,1
864,-2.35,-5.49,-2.35,5103.79,1345.04,24,1,15,15,25,35,1060968,2
865,8.63,-2.08,8.63,5103.79,1345.04,24,1,15,15,25,35,1061236,2
866,1.14,-2.16,1.14,5103.80,1345.04,24,1,15,15,25,36,1061616,1
867,1.06,-4.94,1.06,5103.80,1345.04,24,1,15,15,25,36,1061906,2
868,1.57,-7.26,1.57,5103.80,1345.04,24,1,15,15,25,36,1062059,1
869,6.75,-20.01,6.75,5103.80,1345.04,24,1,15,15,25,36,1062634,2
870,2.67,-4.00,2.67,5103.80,1345.04,24,1,15,15,25,36,1062845,2
871,3.65,-5.96,3.65,5103.80,1345.04,24,1,15,15,25,36,1062955,2
872,-2.79,-9.22,-2.79,5103.80,1345.04,24,1,15,15,25,36,1063114,2
873,-1.92,-13.02,-1.92,5103.80,1345.04,24,1,15,15,25,36,1063331,1
874,11.22,19.18,11.22,5103.80,1345.04,24,1,15,15,25,36,1063449,2
875,5.88,-9.41,5.88,5103.80,1345.04,24,1,15,15,25,38,1063579,2
876,1.73,-11.18,1.73,5103.80,1345.04,24,1,15,15,25,38,1064170,1
877,3.84,-0.90,3.84,5103.80,1345.04,24,1,15,15,25,38,1064282,1
878,-1.61,-3.80,-1.61,5103.80,1345.04,24,1,15,15,25,38,1064568,2
879,2.51,7.57,2.51,5103.80,1345.03,24,1,15,15,25,40,1066267,2
880,-1.26,2.51,-1.26,5103.80,1345.03,24,1,15,15,25,40,1066395,2
881,-0.82,-9.73,-0.82,5103.80,1345.03,24,1,15,15,25,40,1066583,2
882,0.47,-1.33,0.47,5103.80,1345.03,24,1,15,15,25,40,1066843,2
883,-4.71,-2.71,-4.71,5103.80,1345.03,24,1,15,15,25,40,1067315,1
884,0.98,-3.45,0.98,5103.80,1345.02,24,1,15,15,25,43,1068727,1
885,-1.10,3.77,-1.10,5103.80,1345.02,24,1,15,15,25,44,1069846,2
886,-2.28,-5.53,-2.28,5103.80,1345.02,24,1,15,15,25,44,1070216,2
887,-4.71,-0.04,-4.71,5103.80,1345.02,24,1,15,15,25,44,1070714,2
888,0.24,-0.98,0.24,5103.80,1345.02,24,1,15,15,25,44,1070865,2
889,-4.08,-4.35,-4.08,5103.80,1345.02,24,1,15,15,25,44,1070977,2
890,-0.24,-6.59,-0.24,5103.80,1345.02,24,1,15,15,25,44,1071522,1
891,0.27,-0.43,0.27,5103.80,1345.02,24,1,15,15,25,47,1071644,2
892,0.08,0.12,0.08,5103.80,1345.02,24,1,15,15,25,47,1072247,2
893,3.26,3.77,3.26,5103.80,1345.02,24,1,15,15,25,47,1072508,1
894,2.90,-7.37,2.90,5103.80,1345.02,24,1,15,15,25,47,1072913,1
895,2.82,9.45,2.82,5103.80,1345.02,24,1,15,15,25,47,1073141,1
896,-4.94,-12.71,-4.94,5103.80,1345.02,24,1,15,15,25,47,1073275,2
897,-10.94,1.02,-10.94,5103.80,1345.02,24,1,15,15,25,47,1073394,1
898,-2.94,-0.63,-2.94,5103.80,1345.01,24,1,15,15,25,48,1073846,2
899,-0.35,1.33,-0.35,5103.80,1345.01,24,1,15,15,25,48,1074197,2
900,-3.22,-1.73,-3.22,5103.80,1345.01,24,1,15,15,25,48,1074509,2
901,-1.18,-2.86,-1.18,5103.80,1345.01,24,1,15,15,25,48,1074625,1
902,0.16,-2.79,0.16,5103.80,1345.01,24,1,15,15,25,48,1074747,2
903,-1.33,0.12,-1.33,5103.80,1345.01,24,1,15,15,25,48,1075539,1
904,-1.26,-2.90,-1.26,5103.80,1345.01,24,1,15,15,25,51,1075674,2
905,0.31,-0.59,0.31,5103.80,1345.01,24,1,15,15,25,51,1075788,2
906,1.53,-1.37,1.53,5103.80,1345.01,24,1,15,15,25,51,1076103,1
907,-1.26,-5.96,-1.26,5103.80,1345.01,24,1,15,15,25,51,1076295,2
908,11.77,6.35,11.77,5103.80,1345.01,24,1,15,15,25,51,1076590,1
909,1.65,5.26,1.65,5103.80,1345.01,24,1,15,15,25,51,1076801,2
910,-19.69,9.61,-19.69,5103.80,1345.01,24,1,15,15,25,51,1077222,2
911,-3.57,-2.04,-3.57,5103.80,1345.01,24,1,15,15,25,51,1077441,1
912,-3.33,2.04,-3.33,5103.80,1345.00,24,1,15,0,15,25,1077713,2
913,0.86,-14.83,0.86,5103.80,1345.00,24,1,15,0,15,25,1077841,1
914,-4.39,-1.06,-4.39,5103.80,1345.00,24,1,15,0,15,25,1078259,1
915,0.51,-7.37,0.51,5103.80,1345.00,24,1,15,0,15,25,1078467,1
916,-0.31,-7.41,-0.31,5103.80,1345.00,24,1,15,0,15,25,1078835,2
917,-0.90,-0.94,-0.90,5103.80,1345.00,24,1,15,0,15,25,1079513,1
918,-5.69,-1.57,-5.69,5103.80,1344.99,24,1,15,15,25,55,1079685,2
919,3.45,-12.87,3.45,5103.80,1344.99,24,1,15,15,25,55,1079857,2
920,-3.69,-2.12,-3.69,5103.80,1344.99,24,1,15,15,25,55,1080571,2
921,-3.06,-15.73,-3.06,5103.80,1344.99,24,1,15,15,25,55,1080757,2
922,3.10,-7.34,3.10,5103.80,1344.99,24,1,15,15,25,55,1081141,2
923,2.79,-6.98,2.79,5103.80,1344.99,24,1,15,15,25,55,1081525,2
924,0.00,-17.85,0.00,5103.80,1344.99,24,1,15,15,25,56,1081654,2
925,-0.75,4.67,-0.75,5103.80,1344.99,24,1,15,15,25,56,1081857,1
926,-14.04,0.08,-14.04,5103.80,1344.99,24,1,15,15,25,56,1082791,2
927,-4.39,-1.57,-4.39,5103.80,1344.99,24,1,15,15,25,56,1082909,2
928,20.01,20.01,20.01,5103.80,1344.99,24,1,15,15,25,56,1083033,1
929,4.63,-4.94,4.63,5103.80,1344.99,24,1,15,15,25,56,1083209,1
930,16.12,17.06,16.12,5103.80,1344.99,24,1,15,15,25,56,1083380,1
931,-12.71,1.02,-12.71,5103.81,1344.98,24,1,15,15,25,59,1083840,2
932,-4.79,5.14,-4.79,5103.81,1344.98,24,1,15,15,25,59,1083958,1
933,-0.90,-3.26,-0.90,5103.81,1344.98,24,1,15,15,25,59,1084195,2
934,2.55,-9.69,2.55,5103.81,1344.98,24,1,15,15,25,59,1084533,2
935,-1.10,-10.12,-1.10,5103.81,1344.98,24,1,15,15,25,59,1084724,1
936,-20.01,20.01,-20.01,5103.81,1344.98,24,1,15,15,25,59,1084844,2
937,-13.18,11.30,-13.18,5103.81,1344.98,24,1,15,15,25,59,1085187,2
938,-0.67,-12.71,-0.67,5103.81,1344.98,24,1,15,15,25,59,1085498,1
939,-7.37,-9.81,-7.37,5103.81,1344.98,24,1,15,15,25,59,1085616,1
940,-5.30,-7.41,-5.30,5103.81,1344.97,24,1,15,15,26,0,1085921,1
941,-1.29,-5.49,-1.29,5103.81,1344.97,24,1,15,15,26,0,1086474,1
942,-2.90,-8.16,-2.90,5103.81,1344.97,24,1,15,15,26,0,1086633,1
943,-3.06,15.57,-3.06,5103.81,1344.97,24,1,15,15,26,0,1086946,2
944,2.82,-0.78,2.82,5103.81,1344.97,24,1,15,15,26,0,1087206,1
945,6.24,-2.00,6.24,5103.81,1344.97,24,1,15,15,26,0,1087437,1
946,-3.92,3.53,-3.92,5103.81,1344.96,24,1,15,15,26,3,1087784,1
947,-0.63,-3.69,-0.63,5103.81,1344.96,24,1,15,15,26,3,1088244,1
948,-1.69,3.02,-1.69,5103.81,1344.96,24,1,15,15,26,3,1088619,2
949,8.51,-19.81,8.51,5103.81,1344.96,24,1,15,15,26,3,1088768,2
950,1.26,-2.35,1.26,5103.81,1344.96,24,1,15,15,26,3,1089225,2
951,-7.49,5.81,-7.49,5103.81,1344.96,24,1,15,15,26,3,1089530,1
952,1.06,1.65,1.06,5103.81,1344.96,24,1,15,15,26,4,1089938,1
953,-0.71,-7.22,-0.71,5103.81,1344.96,24,1,15,15,26,4,1090162,2
954,-9.14,3.65,-9.14,5103.81,1344.96,24,1,15,15,26,4,1090603,1
955,19.06,18.28,19.06,5103.81,1344.96,24,1,15,15,26,4,1090888,2
956,-7.10,-3.84,-7.10,5103.81,1344.96,24,1,15,15,26,4,1091003,2
957,-11.77,11.38,-11.77,5103.81,1344.96,24,1,15,15,26,4,1091231,1
958,4.31,-9.81,4.31,5103.81,1344.96,24,1,15,15,26,4,1091591,2
959,-3.10,4.24,-3.10,5103.81,1344.95,24,1,15,15,26,7,1091728,2
960,4.82,-17.10,4.82,5103.81,1344.95,24,1,15,15,26,7,1091854,1
961,-0.59,-12.51,-0.59,5103.81,1344.95,24,1,15,15,26,7,1091968,2
962,-1.02,-10.63,-1.02,5103.81,1344.95,24,1,15,15,26,7,1092894,2
963,-2.47,1.92,-2.47,5103.81,1344.95,24,1,15,15,26,7,1093511,1
964,-2.28,-9.81,-2.28,5103.81,1344.95,24,1,15,15,26,7,1093676,2
965,0.27,-5.02,0.27,5103.81,1344.94,24,1,15,15,26,8,1093829,2
966,-3.22,-1.26,-3.22,5103.81,1344.94,24,1,15,15,26,8,1094091,1
967,-0.43,-4.08,-0.43,5103.81,1344.94,24,1,15,15,26,8,1094227,1
968,1.73,-2.20,1.73,5103.81,1344.94,24,1,15,15,26,8,1094524,2
969,-1.84,-1.10,-1.84,5103.81,1344.94,24,1,15,15,26,8,1094889,2
970,-0.63,2.63,-0.63,5103.81,1344.94,24,1,15,15,26,8,1095281,2
971,-0.98,0.08,-0.98,5103.81,1344.94,24,1,15,15,26,8,1095546,2
972,2.31,1.45,2.31,5103.81,1344.94,24,1,15,15,26,8,1095754,2
973,-4.24,0.24,-4.24,5103.81,1344.94,24,1,15,15,26,11,1096823,2
974,-3.18,-0.98,-3.18,5103.81,1344.94,24,1,15,15,26,11,1097017,2
975,-2.39,-11.30,-2.39,5103.81,1344.94,24,1,15,15,26,11,1097414,2
976,5.26,-19.81,5.26,5103.81,1344.94,24,1,15,15,26,11,1097744,2
977,-4.24,-9.30,-4.24,0.49,1344.93,24,1,15,15,26,12,1097881,2
978,-20.01,17.65,-20.01,0.49,1344.93,24,1,15,15,26,12,1098586,2
979,-3.57,-1.14,-3.57,0.49,1344.93,24,1,15,15,26,12,1099437,2
980,1.26,-1.45,1.26,0.49,1344.93,24,1,15,15,26,12,1099784,1
981,-2.67,-0.47,-2.67,5103.81,1344.93,24,1,15,15,26,15,1100676,2
982,-2.55,-7.02,-2.55,5103.81,1344.93,24,1,15,15,26,15,1101109,1
983,-2.08,5.14,-2.08,5103.81,1344.93,24,1,15,15,26,15,1101224,2
984,3.14,-0.98,3.14,5103.83,1344.92,24,1,15,15,28,38,1243584,1
985,3.14,-0.98,3.14,5103.83,1344.92,24,1,15,15,28,38,1243684,2
