1,-0.86,-5.18,-0.86,0.00,0.00,0,0,0,0,0,0,7158,3
2,-1.33,-4.79,-1.33,0.00,0.00,19,1,15,21,40,39,12139,3
3,-1.41,-4.71,-1.41,0.00,0.00,19,1,15,21,40,43,17140,3
4,-1.41,-4.75,-1.41,0.00,0.00,19,1,15,21,40,49,22141,3
5,0.24,0.63,0.24,0.00,0.00,19,1,15,21,40,51,23256,1.2
6,-1.84,-1.18,-1.84,0.00,0.00,19,1,15,21,40,53,27144,3
7,-1.92,-3.57,-1.92,0.00,0.00,19,1,15,21,40,59,32144,3
8,-1.96,-3.10,-1.96,0.00,0.00,19,1,15,21,41,3,37146,3
9,-2.82,1.29,-2.82,0.00,0.00,19,1,15,21,41,7,40696,1.1
10,2.39,-2.31,2.39,0.00,0.00,19,1,15,21,41,9,42147,3
11,-1.49,-9.89,-1.49,0.00,0.00,19,1,15,21,41,11,43789,1.3
12,3.30,-7.06,3.30,0.00,0.00,19,1,15,21,41,11,44994,1.2
13,0.67,0.27,0.67,0.00,0.00,19,1,15,21,41,11,45096,1.1
14,-0.47,2.20,-0.47,0.00,0.00,19,1,15,21,41,13,45294,1.2
15,9.85,-12.16,9.85,0.00,0.00,19,1,15,21,41,13,45692,1.3
16,-20.01,20.01,-20.01,0.00,0.00,19,1,15,21,41,13,45802,1.3
17,-0.51,9.26,-0.51,0.00,0.00,19,1,15,21,41,13,45948,1.3
18,-1.84,-3.41,-1.84,0.00,0.00,19,1,15,21,41,13,47149,3
19,1.69,-20.01,1.69,0.00,0.00,19,1,15,21,41,15,48614,1.3
20,2.59,0.27,2.59,0.00,0.00,19,1,15,21,41,15,48718,1.3
21,-0.39,-1.80,-0.39,0.00,0.00,19,1,15,21,41,17,49506,1.1
22,-1.77,0.82,-1.77,0.00,0.00,19,1,15,21,41,19,52150,3
23,-1.45,-8.67,-1.45,0.00,0.00,19,1,15,21,41,23,57150,3
24,-0.47,-0.67,-0.47,0.00,0.00,19,1,15,21,41,29,62151,3
25,1.22,-2.55,1.22,0.00,0.00,19,1,15,21,41,33,65861,1.1
26,0.39,0.27,0.39,0.00,0.00,19,1,15,21,41,33,66269,1.1
27,-1.73,-10.71,-1.73,0.00,0.00,19,1,15,21,41,33,67152,3
28,1.33,-5.22,1.33,0.00,0.00,19,1,15,21,41,35,67257,1.1
29,-1.53,-3.18,-1.53,5103.82,1344.85,19,1,15,21,41,37,71123,1.2
30,-20.01,-2.90,-20.01,5103.82,1344.84,19,1,15,21,41,38,71746,1.3
31,-4.28,-4.67,-4.28,5103.82,1344.84,19,1,15,21,41,38,72105,1.3
32,-4.28,-4.67,-4.28,5103.82,1344.84,19,1,15,21,41,38,72189,3
33,9.89,-18.87,9.89,5103.82,1344.83,19,1,15,21,41,40,73773,1.1
34,-7.96,-17.46,-7.96,5103.82,1344.83,19,1,15,21,41,40,74080,1.3
35,-4.82,-4.94,-4.82,5103.82,1344.83,19,1,15,21,41,40,74208,1.3
36,-20.01,14.75,-20.01,5103.82,1344.83,19,1,15,21,41,40,75005,1.2
37,-0.63,-4.24,-0.63,5103.82,1344.82,19,1,15,21,41,43,76950,1.1
38,-2.43,-4.79,-2.43,5103.82,1344.82,19,1,15,21,41,43,77163,3
39,8.94,-6.83,8.94,5103.83,1344.81,19,1,15,21,41,44,77760,1.1
40,-1.61,2.86,-1.61,5103.83,1344.81,19,1,15,21,41,44,77871,1.1
41,-8.90,0.98,-8.90,5103.83,1344.80,19,1,15,21,41,47,79260,1.1
42,-0.31,-12.94,-0.31,5103.83,1344.80,19,1,15,21,41,47,79468,1.1
43,-13.22,-2.08,-13.22,5103.83,1344.80,19,1,15,21,41,47,79664,1.1
44,-0.94,-10.04,-0.94,5103.83,1344.80,19,1,15,21,41,47,80292,1.3
45,-3.45,-12.04,-3.45,5103.83,1344.80,19,1,15,21,41,47,80641,1.3
46,-3.37,-1.29,-3.37,5103.83,1344.80,19,1,15,21,41,47,80953,1.1
47,0.86,0.08,0.86,5103.83,1344.80,19,1,15,21,41,47,81146,1.3
48,-2.94,-10.47,-2.94,5103.83,0.00,19,1,15,21,41,48,81266,1.3
49,0.47,-3.73,0.47,5103.83,0.00,19,1,15,21,41,48,81385,1.3
50,-4.51,-2.28,-4.51,5103.83,0.00,19,1,15,21,41,48,81891,1.2
51,-0.12,-4.63,-0.12,5103.83,0.00,19,1,15,21,41,48,82051,1.1
52,-3.61,-3.73,-3.61,5103.83,0.00,19,1,15,21,41,48,82164,3
53,-3.57,-5.69,-3.57,5103.83,0.00,19,1,15,21,41,48,82297,1.1
54,0.35,-3.22,0.35,5103.83,1344.78,19,1,15,21,41,52,84558,1.2
55,-5.26,-3.88,-5.26,5103.83,1344.77,19,1,15,21,41,54,86864,1.1
56,-2.51,-5.69,-2.51,5103.83,1344.77,19,1,15,21,41,54,87022,1.2
57,0.67,-7.73,0.67,5103.83,1344.77,19,1,15,21,41,54,87165,3
58,0.63,-6.67,0.63,5103.84,1344.76,19,1,15,21,41,56,87355,1.2
59,1.69,-3.53,1.69,5103.84,1344.76,19,1,15,21,41,58,90055,1.3
60,-5.88,-9.57,-5.88,5103.84,1344.76,19,1,15,21,41,58,90479,1.1
61,-0.16,-3.65,-0.16,5103.84,1344.75,19,1,15,21,42,0,91898,1.1
62,-0.94,-1.84,-0.94,5103.84,1344.75,19,1,15,21,42,0,92168,3
63,-0.31,-4.12,-0.31,5103.84,1344.75,19,1,15,21,42,0,92746,1.1
64,-1.33,-5.92,-1.33,5103.84,1344.75,19,1,15,21,42,0,93057,1.1
65,-1.14,-6.63,-1.14,5103.84,1344.75,19,1,15,21,42,0,93185,1.1
66,-1.73,-1.29,-1.73,5103.84,1344.74,19,1,15,21,42,2,93499,1.1
67,-5.49,-1.88,-5.49,5103.85,1344.73,19,1,15,21,42,4,96400,1.1
68,-6.55,-3.80,-6.55,5103.85,1344.73,19,1,15,21,42,4,96726,1.3
69,-1.29,-7.77,-1.29,5103.85,1344.73,19,1,15,21,42,4,97169,3
70,-4.63,-2.39,-4.63,5103.85,1344.72,19,1,15,21,42,6,97405,1.3
71,-2.55,-2.28,-2.55,5103.85,1344.71,19,1,15,21,42,8,99807,1.1
72,-4.63,-2.31,-4.63,5103.85,1344.71,19,1,15,21,42,8,100576,1.2
73,-2.94,0.59,-2.94,5103.85,1344.71,19,1,15,21,42,8,100750,1.2
74,0.47,-8.39,0.47,5103.85,1344.71,19,1,15,21,42,8,100967,1.3
75,0.43,0.39,0.43,5103.85,1344.71,19,1,15,21,42,8,101151,1.2
76,-0.04,-1.06,-0.04,5103.85,1344.70,19,1,15,21,42,10,101963,1.3
77,-1.29,-9.77,-1.29,5103.85,1344.70,19,1,15,21,42,10,102170,3
78,-0.86,-7.53,-0.86,5103.86,1344.69,19,1,15,21,42,12,104331,1.2
79,0.31,-4.39,0.31,5103.86,1344.69,19,1,15,21,42,12,105046,1.1
80,-0.16,-4.71,-0.16,5103.86,1344.69,19,1,15,21,42,14,105456,1.2
81,-2.39,-5.30,-2.39,5103.86,1344.69,19,1,15,21,42,14,107171,3
82,0.55,-1.65,0.55,5103.86,1344.68,19,1,15,21,42,16,108926,1.1
83,2.90,4.94,2.90,5103.86,1344.67,9,1,15,21,42,18,110404,1.1
84,-0.94,-7.57,-0.94,5103.86,1344.67,9,1,15,21,42,18,110537,1.1
85,-2.55,1.88,-2.55,5103.86,1344.67,9,1,15,21,42,18,111144,1.2
86,-1.65,1.14,-1.65,5103.87,1344.66,19,1,15,21,42,20,111396,1.2
87,0.59,-3.88,0.59,5103.87,1344.66,19,1,15,21,42,20,112173,3
88,-3.73,-5.77,-3.73,5103.87,1344.65,19,1,15,21,42,22,113340,1.2
89,0.51,-5.84,0.51,5103.87,1344.65,19,1,15,21,42,22,113501,1.1
90,-2.28,-1.61,-2.28,5103.87,1344.65,19,1,15,21,42,22,113992,1.2
91,2.90,-7.06,2.90,5103.87,1344.65,19,1,15,21,42,22,114251,1.1
92,-2.31,-4.59,-2.31,5103.87,1344.65,19,1,15,21,42,22,115054,1.2
93,-4.51,-0.78,-4.51,5103.87,1344.65,19,1,15,21,42,22,115259,1.2
94,0.51,-3.18,0.51,5103.87,1344.64,19,1,15,21,42,24,115695,1.2
95,-1.18,-6.08,-1.18,5103.87,1344.64,19,1,15,21,42,24,115973,1.1
96,0.86,-5.73,0.86,5103.87,1344.64,19,1,15,21,42,24,117174,3
97,-4.51,-3.80,-4.51,5103.87,1344.63,19,1,15,21,42,26,118503,1.2
98,19.46,20.01,19.46,5103.87,1344.62,19,1,15,21,42,28,119527,1.1
99,-13.30,-0.75,-13.30,5103.87,1344.62,19,1,15,21,42,28,119926,1.1
100,-0.78,4.35,-0.78,5103.87,1344.62,19,1,15,21,42,28,120380,1.1
101,-1.41,-5.37,-1.41,5103.88,1344.61,19,1,15,21,42,30,122174,3
102,-0.51,-9.49,-0.51,5103.88,1344.61,19,1,15,21,42,30,122812,1.1
103,-0.86,-4.12,-0.86,5103.88,1344.60,19,1,15,21,42,32,124464,1.2
104,4.51,-3.30,4.51,5103.88,1344.59,19,1,15,21,42,34,125862,1.1
105,-1.26,-8.94,-1.26,5103.88,1344.59,19,1,15,21,42,34,127175,3
106,-0.75,-6.79,-0.75,5103.88,1344.57,19,1,15,21,42,38,131211,1.1
107,-4.67,1.88,-4.67,5103.88,1344.57,19,1,15,21,42,39,132008,1.1
108,-2.35,-4.35,-2.35,5103.88,1344.57,19,1,15,21,42,39,132176,3
109,-5.41,-5.33,-5.41,5103.88,1344.55,19,1,15,21,42,42,134012,1.1
110,-1.53,-5.88,-1.53,5103.88,1344.55,19,1,15,21,42,42,134158,1.3
111,-2.94,-1.96,-2.94,5103.88,1344.55,19,1,15,21,42,42,134521,1.3
112,1.10,-1.77,1.10,5103.88,1344.55,19,1,15,21,42,42,134888,1.3
113,-0.35,0.78,-0.35,5103.88,1344.55,19,1,15,21,42,42,135093,1.3
114,-1.77,-8.47,-1.77,5103.88,1344.54,19,1,15,21,42,44,137178,3
115,-0.86,-6.90,-0.86,5103.89,1344.52,19,1,15,21,42,50,141636,1.3
116,3.65,7.53,3.65,5103.89,1344.52,19,1,15,21,42,50,141892,1.3
117,1.69,-7.69,1.69,5103.89,1344.52,19,1,15,21,42,50,142153,1.3
118,1.69,-7.69,1.69,5103.89,1344.52,19,1,15,21,42,50,142232,3
119,-8.00,-3.92,-8.00,5103.89,1344.51,19,1,15,21,42,54,146739,1.1
120,-3.26,-3.49,-3.26,5103.89,1344.51,19,1,15,21,42,54,146940,1.1
121,-0.71,-2.98,-0.71,5103.89,1344.51,19,1,15,21,42,54,147208,3
122,-1.49,-6.32,-1.49,5103.89,1344.50,19,1,15,21,42,56,148438,1.1
123,1.41,-3.37,1.41,5103.89,1344.49,19,1,15,21,42,58,149452,1.1
124,-0.94,1.77,-0.94,5103.89,1344.49,19,1,15,21,42,58,149647,1.3
125,-2.12,-2.82,-2.12,5103.89,1344.49,19,1,15,21,42,58,151236,1.2
126,-4.12,-5.45,-4.12,5103.89,1344.49,19,1,15,21,42,59,152208,3
127,-1.41,-6.94,-1.41,5103.89,1344.49,19,1,15,21,42,59,152626,1.1
128,-0.16,-7.14,-0.16,5103.89,1344.47,19,1,15,21,43,2,153697,1.3
129,-0.16,-5.61,-0.16,5103.89,1344.47,19,1,15,21,43,2,154274,1.3
130,0.86,-0.75,0.86,5103.89,1344.47,19,1,15,21,43,4,155925,1.2
131,2.24,2.39,2.24,5103.89,1344.47,19,1,15,21,43,4,156302,1.3
132,4.16,-9.57,4.16,5103.89,1344.47,19,1,15,21,43,4,156515,1.3
133,-2.98,-4.51,-2.98,5103.89,1344.47,19,1,15,21,43,4,156626,1.2
134,-5.14,0.86,-5.14,5103.89,1344.47,19,1,15,21,43,4,156812,1.2
135,-3.57,1.29,-3.57,5103.89,1344.47,19,1,15,21,43,4,157209,3
136,-0.78,-2.86,-0.78,5103.90,1344.45,19,1,15,21,43,10,162210,3
137,-0.20,-5.49,-0.20,5103.90,1344.44,19,1,15,21,43,14,167213,3
138,-0.08,-2.47,-0.08,5103.90,1344.43,19,1,15,21,43,20,172214,3
139,-0.90,-2.51,-0.90,5103.90,1344.43,19,1,15,21,43,24,177214,3
140,-0.82,-2.51,-0.82,5103.90,1344.43,19,1,15,21,43,30,182215,3
141,-0.98,-2.51,-0.98,5103.90,1344.43,19,1,15,21,43,34,187216,3
142,-1.18,-2.47,-1.18,5103.90,1344.43,19,1,15,21,43,40,192218,3
143,-1.10,-2.47,-1.10,5103.90,1344.43,19,1,15,21,43,44,197218,3
144,-1.06,-2.35,-1.06,5103.90,1344.43,19,1,15,21,43,50,202219,3
145,-1.10,-2.51,-1.10,5103.90,1344.43,19,1,15,21,43,54,207220,3
146,-1.14,-2.35,-1.14,5103.90,1344.43,19,1,15,21,44,0,212221,3
147,-1.02,-2.31,-1.02,5103.90,1344.43,19,1,15,21,44,4,217223,3
148,-1.22,-2.35,-1.22,5103.90,1344.43,19,1,15,21,44,10,222223,3
149,-1.06,-2.39,-1.06,5103.90,1344.43,19,1,15,21,44,14,227224,3
150,-1.10,-2.47,-1.10,5103.90,1344.43,19,1,15,21,44,20,232225,3
151,-1.10,-2.28,-1.10,5103.90,1344.43,19,1,15,21,44,24,237228,3
152,-0.08,-2.04,-0.08,5103.90,1344.43,19,1,15,21,44,30,242229,3
153,-1.22,-4.71,-1.22,5103.90,1344.43,19,1,15,21,44,34,247229,3
154,-4.55,-4.86,-4.55,5103.89,0.00,19,1,15,21,44,36,248560,1.3
155,-0.90,-4.16,-0.90,5103.89,1344.42,19,1,15,21,44,40,252230,3
156,0.55,-9.53,0.55,5103.89,1344.41,19,1,15,21,44,42,254128,1.3
157,-10.51,0.35,-10.51,5103.89,1344.41,19,1,15,21,44,44,256492,1.3
158,-3.65,-5.45,-3.65,5103.89,1344.41,19,1,15,21,44,44,257231,3
159,-11.41,3.41,-11.41,5103.88,1344.40,19,1,15,21,44,46,258222,1.2
160,7.65,9.22,7.65,5103.88,1344.39,19,1,15,21,44,50,261856,1.1
161,-2.20,-0.71,-2.20,5103.88,1344.39,19,1,15,21,44,50,262233,3
162,-1.53,-6.00,-1.53,5103.88,1344.38,19,1,15,21,44,54,267234,3
163,-0.78,-2.31,-0.78,5103.87,1344.36,19,1,15,21,45,0,272235,3
164,-2.51,-7.57,-2.51,5103.87,1344.35,19,1,15,21,45,4,276835,1.1
165,-0.86,-4.67,-0.86,5103.87,1344.35,19,1,15,21,45,4,277236,3
166,1.37,-3.80,1.37,5103.86,1344.33,19,1,15,21,45,10,282237,3
167,-1.37,-2.59,-1.37,5103.86,1344.32,19,1,15,21,45,12,283908,1.1
168,-2.28,-1.53,-2.28,5103.86,1344.32,19,1,15,21,45,12,284356,1.2
169,-0.51,-1.61,-0.51,5103.85,1344.32,19,1,15,21,45,14,286002,1.1
170,-3.84,-2.12,-3.84,5103.85,1344.32,19,1,15,21,45,14,287240,3
171,-0.71,-6.67,-0.71,5103.85,1344.31,19,1,15,21,45,16,287653,1.3
172,-1.02,1.49,-1.02,5103.85,1344.31,19,1,15,21,45,16,288053,1.1
173,-6.20,-0.98,-6.20,5103.85,1344.31,19,1,15,21,45,16,288973,1.1
174,-5.33,-6.28,-5.33,5103.85,1344.31,19,1,15,21,45,16,289174,1.2
175,-4.12,-0.35,-4.12,5103.85,1344.31,19,1,15,21,45,16,289345,1.1
176,-1.96,-5.53,-1.96,5103.85,1344.30,19,1,15,21,45,20,292241,3
177,-1.49,-2.04,-1.49,5103.85,1344.30,19,1,15,21,45,24,297242,3
178,-1.37,-3.45,-1.37,5103.85,1344.30,19,1,15,21,45,30,302244,3
179,-0.47,-5.65,-0.47,5103.85,1344.30,19,1,15,21,45,34,307246,3
180,11.14,3.10,11.14,5103.84,1344.29,19,1,15,21,45,38,309963,1.1
181,-3.22,-4.12,-3.22,5103.84,1344.29,19,1,15,21,45,38,310254,1.3
182,-1.80,-14.00,-1.80,5103.84,1344.29,19,1,15,21,45,38,310372,1.3
183,-3.92,-7.88,-3.92,5103.84,1344.29,19,1,15,21,45,38,310544,1.3
184,-0.31,0.20,-0.31,5103.84,1344.28,19,1,15,21,45,40,311566,1.3
185,-0.24,0.24,-0.24,5103.84,1344.28,19,1,15,21,45,40,311680,1.3
186,0.71,-8.16,0.71,5103.84,1344.28,19,1,15,21,45,40,312247,3
187,-3.10,-6.12,-3.10,5103.84,1344.28,19,1,15,21,45,42,315133,1.3
188,2.16,-3.45,2.16,5103.84,1344.28,19,1,15,21,45,44,315815,1.3
189,-0.90,-2.20,-0.90,5103.84,1344.28,19,1,15,21,45,44,315994,1.3
190,1.37,-7.92,1.37,5103.84,1344.28,19,1,15,21,45,44,316151,1.3
191,4.47,12.63,4.47,5103.84,1344.28,19,1,15,21,45,44,316357,1.3
192,-0.35,-0.24,-0.35,5103.84,1344.28,19,1,15,21,45,44,316470,1.1
193,-0.39,-4.51,-0.39,5103.84,1344.28,19,1,15,21,45,44,316722,1.3
194,-4.86,-7.30,-4.86,5103.84,1344.28,19,1,15,21,45,44,316847,1.3
195,-0.71,-3.57,-0.71,5103.84,1344.28,19,1,15,21,45,44,317248,3
196,-0.47,-2.12,-0.47,5103.83,1344.26,19,1,15,21,45,48,319742,1.1
197,1.26,-8.12,1.26,5103.83,1344.26,19,1,15,21,45,48,320301,1.3
198,1.65,-2.63,1.65,5103.83,1344.26,19,1,15,21,45,50,321775,1.2
199,-0.31,-4.08,-0.31,5103.83,1344.26,19,1,15,21,45,50,322250,3
200,-15.49,4.08,-15.49,5103.83,1344.26,19,1,15,21,45,50,322964,1.3
201,-5.53,-5.81,-5.53,5103.83,1344.26,19,1,15,21,45,50,323090,1.3
202,2.31,1.61,2.31,5103.83,1344.26,19,1,15,21,45,50,323217,1.3
203,-7.77,1.61,-7.77,5103.82,1344.25,19,1,15,21,45,54,325932,1.2
204,-2.00,-1.37,-2.00,5103.82,1344.25,19,1,15,21,45,54,327250,3
205,0.08,-4.86,0.08,5103.82,1344.25,19,1,15,21,45,56,329300,1.3
206,-2.28,1.18,-2.28,5103.81,1344.24,19,1,15,21,45,58,329590,1.3
207,-1.29,-2.71,-1.29,5103.81,1344.24,19,1,15,21,45,58,329851,1.3
208,0.20,1.61,0.20,5103.81,1344.24,19,1,15,21,45,58,331469,1.2
209,-8.71,-1.22,-8.71,5103.81,1344.24,19,1,15,21,46,0,331616,1.2
210,1.45,4.67,1.45,5103.81,1344.24,19,1,15,21,46,0,332252,3
211,-4.90,-0.27,-4.90,5103.81,1344.24,19,1,15,21,46,0,332739,1.3
212,-2.00,-6.24,-2.00,5103.81,1344.23,19,1,15,21,46,4,337252,3
213,-1.57,-2.55,-1.57,5103.81,1344.23,19,1,15,21,46,10,342253,3
214,1.26,-4.59,1.26,5103.81,1344.23,19,1,15,21,46,14,347254,3
215,-2.59,-3.41,-2.59,5103.81,1344.23,19,1,15,21,46,14,347549,1.2
216,7.49,-20.01,7.49,5103.81,1344.23,19,1,15,21,46,16,347714,1.2
217,-0.08,-2.04,-0.08,5103.81,1344.23,19,1,15,21,46,18,350919,1.2
218,-2.20,-1.14,-2.20,5103.81,1344.23,19,1,15,21,46,18,351259,1.3
219,-4.82,-5.10,-4.82,5103.81,1344.23,19,1,15,21,46,18,351541,1.3
220,3.02,-6.28,3.02,5103.80,1344.24,19,1,15,21,46,20,352257,3
221,2.28,-0.51,2.28,5103.80,1344.24,19,1,15,21,46,22,354567,1.3
222,1.77,-3.92,1.77,5103.80,1344.24,19,1,15,21,46,22,354957,1.3
223,0.43,-5.65,0.43,5103.80,1344.24,19,1,15,21,46,24,355741,1.1
224,-1.61,-3.37,-1.61,5103.80,1344.24,19,1,15,21,46,24,357258,3
225,-6.98,-7.45,-6.98,5103.79,1344.24,19,1,15,21,46,26,358479,1.1
226,0.86,3.10,0.86,5103.79,1344.24,19,1,15,21,46,26,359248,1.1
227,-1.26,0.98,-1.26,5103.79,1344.24,19,1,15,21,46,30,361676,1.3
228,2.47,-12.04,2.47,5103.79,1344.24,19,1,15,21,46,30,362258,3
229,-0.51,4.00,-0.51,5103.79,1344.24,19,1,15,21,46,32,364943,1.2
230,1.96,9.10,1.96,5103.79,1344.24,19,1,15,21,46,32,365489,1.3
231,-6.59,-2.12,-6.59,5103.79,1344.24,19,1,15,21,46,34,365761,1.2
232,-9.34,1.33,-9.34,5103.79,1344.24,19,1,15,21,46,34,366048,1.3
233,0.20,-15.69,0.20,5103.79,1344.24,19,1,15,21,46,34,366461,1.2
234,-0.63,-6.24,-0.63,5103.79,1344.24,19,1,15,21,46,34,367009,1.3
235,-0.27,-9.41,-0.27,5103.79,1344.24,19,1,15,21,46,34,367260,3
236,3.37,-1.26,3.37,5103.78,1344.25,19,1,15,21,46,36,367848,1.3
237,-1.10,-5.41,-1.10,5103.78,1344.25,19,1,15,21,46,36,368528,1.1
238,0.08,-9.57,0.08,5103.78,1344.25,19,1,15,21,46,38,371526,1.3
239,-6.28,-5.77,-6.28,5103.77,1344.25,19,1,15,21,46,40,371655,1.3
240,-3.10,-2.86,-3.10,5103.77,1344.25,19,1,15,21,46,40,372261,3
241,-4.04,5.61,-4.04,5103.77,1344.25,19,1,15,21,46,42,375288,1.1
242,-0.67,1.06,-0.67,5103.77,1344.25,19,1,15,21,46,44,375871,1.1
243,0.78,-3.53,0.78,5103.77,1344.25,19,1,15,21,46,44,376548,1.2
244,-2.59,-4.08,-2.59,5103.77,1344.25,19,1,15,21,46,44,376714,1.2
245,3.37,-5.57,3.37,5103.77,1344.25,19,1,15,21,46,44,377049,1.2
246,-0.27,-4.75,-0.27,5103.77,1344.25,19,1,15,21,46,44,377263,3
247,-5.84,-17.89,-5.84,5103.76,13.40,19,1,15,21,46,46,378243,1.1
248,-0.90,-4.90,-0.90,5103.76,13.40,19,1,15,21,46,46,378477,1.1
249,-20.01,19.61,-20.01,5103.76,13.40,19,1,15,21,46,46,378815,1.1
250,5.57,-1.57,5.57,5103.76,13.40,19,1,15,21,46,46,379074,1.3
251,5.57,-18.12,5.57,5103.76,13.40,19,1,15,21,46,46,379184,1.2
252,2.20,-2.82,2.20,5103.76,13.40,19,1,15,21,46,46,379328,1.2
253,-0.98,-5.41,-0.98,5103.76,1344.26,19,1,15,21,46,48,380109,1.1
254,1.92,-3.49,1.92,5103.76,1344.26,19,1,15,21,46,48,380563,1.3
255,2.12,-3.65,2.12,5103.75,1344.26,19,1,15,21,46,50,382264,3
256,0.86,-1.53,0.86,5103.75,1344.25,19,1,15,21,46,52,383963,1.1
257,-2.82,-4.08,-2.82,5103.74,1344.26,19,1,15,21,46,54,387265,3
258,-1.02,-8.36,-1.02,5103.74,1344.26,19,1,15,21,46,56,388046,1.3
259,-0.47,-6.32,-0.47,5103.74,1344.26,19,1,15,21,46,56,388282,1.3
260,-1.29,1.96,-1.29,5103.73,1344.27,19,1,15,21,47,0,392266,3
261,-0.86,-1.61,-0.86,5103.72,1344.27,19,1,15,21,47,2,394945,1.2
262,-1.88,-2.71,-1.88,5103.72,1344.27,19,1,15,21,47,2,395095,1.2
263,-2.86,-1.69,-2.86,5103.72,1344.27,19,1,15,21,47,2,395431,1.2
264,0.39,-2.47,0.39,5103.72,1344.27,19,1,15,21,47,2,395573,1.2
265,-1.29,-4.98,-1.29,103.72,144.27,1,90,15,190,40,0,395693,1.2
266,1.84,-2.20,1.84,103.72,144.27,1,90,15,190,40,0,397267,3
267,-0.63,-2.82,-0.63,5103.71,1344.27,19,1,15,21,47,10,402269,3
268,-3.84,-12.83,-3.84,5103.70,1344.28,19,1,15,21,47,14,407269,3
269,-2.75,-1.73,-2.75,5103.70,1344.28,19,1,15,21,47,14,407374,1.3
270,-5.45,-8.20,-5.45,5103.70,1344.28,19,1,15,21,47,16,407730,1.2
271,14.79,-17.65,14.79,5103.70,1344.28,19,1,15,21,47,16,408688,1.1
272,-17.61,-11.92,-17.61,5103.70,1344.28,19,1,15,21,47,16,409143,1.1
273,-0.04,4.20,-0.04,5103.70,1344.29,19,1,15,21,47,20,412271,3
274,-9.22,-3.57,-9.22,5103.70,1344.30,19,1,15,21,47,24,416632,1.1
275,-0.20,-4.39,-0.20,5103.70,1344.30,19,1,15,21,47,24,417272,3
276,-0.27,-4.86,-0.27,5103.70,1344.31,19,1,15,21,47,30,422275,3
277,-4.12,-2.79,-4.12,5103.70,1344.32,19,1,15,21,47,32,425088,1.1
278,-1.14,0.04,-1.14,5103.70,1344.32,19,1,15,21,47,34,426706,1.1
279,-3.80,-4.51,-3.80,5103.70,1344.32,19,1,15,21,47,34,427276,3
280,-7.30,6.51,-7.30,5103.69,1344.34,19,1,15,21,47,40,432277,3
281,-2.90,-5.06,-2.90,5103.69,1344.34,19,1,15,21,47,40,433216,1.2
282,3.61,1.61,3.61,5103.68,1344.35,19,1,15,21,47,44,437278,3
283,1.49,-5.14,1.49,5103.68,1344.35,19,1,15,21,47,48,441090,1.2
284,-0.31,-2.47,-0.31,5103.67,1344.35,19,1,15,21,47,50,442279,3
285,-1.29,1.41,-1.29,5103.67,1344.35,19,1,15,21,47,50,442929,1.1
286,-5.77,-3.77,-5.77,5103.67,1344.35,19,1,15,21,47,50,443574,1.1
287,-0.35,-6.28,-0.35,5103.66,1344.35,19,1,15,21,47,52,445077,1.3
288,-7.30,-7.10,-7.30,5103.66,1344.36,19,1,15,21,47,54,446129,1.3
289,-8.47,-4.86,-8.47,5103.66,1344.36,19,1,15,21,47,54,447046,1.3
290,-4.51,-6.12,-4.51,5103.66,1344.36,19,1,15,21,47,54,447281,3
291,1.22,-6.00,1.22,5103.66,1344.36,19,1,15,21,47,56,448539,1.3
292,-4.67,-5.53,-4.67,5103.66,1344.36,19,1,15,21,47,56,449404,1.3
293,-1.96,-6.59,-1.96,5103.65,1344.37,19,1,15,21,48,0,452281,3
294,-2.28,-4.04,-2.28,5103.64,1344.37,19,1,15,21,48,4,457282,3
295,-2.08,-1.65,-2.08,5103.63,1344.37,19,1,15,21,48,10,462284,3
296,-12.08,-4.79,-12.08,5103.62,1344.37,19,1,15,21,48,12,464368,1.1
297,5.18,2.94,5.18,5103.62,1344.37,19,1,15,21,48,12,464542,1.2
298,2.31,-9.34,2.31,5103.62,1344.37,19,1,15,21,48,12,464965,1.3
299,4.35,-19.65,4.35,5103.62,1344.37,19,1,15,21,48,12,465078,1.2
300,-7.30,-7.73,-7.30,5103.62,1344.37,19,1,15,21,48,12,465201,1.2
301,-5.22,9.57,-5.22,5103.62,1344.37,19,1,15,21,48,12,465385,1.1
302,-5.22,-6.71,-5.22,5103.62,1344.38,19,1,15,21,48,14,465908,1.3
303,-0.82,2.28,-0.82,5103.62,1344.38,19,1,15,21,48,14,466069,1.2
304,0.08,-17.97,0.08,5103.62,1344.38,19,1,15,21,48,14,466597,1.2
305,-1.29,-6.04,-1.29,5103.62,1344.38,19,1,15,21,48,14,467286,3
306,10.55,2.43,10.55,5103.62,1344.38,19,1,15,21,48,14,467414,1.2
307,2.55,-4.08,2.55,5103.62,1344.38,19,1,15,21,48,14,467692,1.1
308,-2.51,-5.10,-2.51,5103.62,1344.38,19,1,15,21,48,16,468480,1.2
309,-6.86,-3.80,-6.86,5103.62,1344.38,19,1,15,21,48,16,468651,1.3
310,0.20,-15.14,0.20,5103.62,1344.38,19,1,15,21,48,16,468772,1.3
311,1.77,-15.38,1.77,5103.62,1344.38,19,1,15,21,48,16,468936,1.2
312,-0.90,-1.57,-0.90,5103.62,1344.38,19,1,15,21,48,16,469610,1.2
313,4.00,-12.98,4.00,5103.61,1344.39,19,1,15,21,48,18,469794,1.3
314,-4.82,-8.00,-4.82,5103.61,1344.39,19,1,15,21,48,18,469919,1.3
315,-3.02,-5.88,-3.02,5103.61,1344.39,19,1,15,21,48,18,470036,1.2
316,-7.41,-3.73,-7.41,5103.61,1344.39,19,1,15,21,48,18,470195,1.2
317,-1.80,-4.55,-1.80,5103.61,1344.39,19,1,15,21,48,18,470373,1.3
318,-1.18,-1.80,-1.18,5103.61,1344.39,19,1,15,21,48,18,470671,1.3
319,-0.59,1.80,-0.59,5103.61,1344.39,19,1,15,21,48,18,470789,1.3
320,-1.02,0.94,-1.02,5103.61,1344.39,19,1,15,21,48,18,470902,1.2
321,-1.53,-20.01,-1.53,5103.61,1344.39,19,1,15,21,48,18,471634,1.1
322,1.49,1.18,1.49,5103.61,1344.39,19,1,15,21,48,20,471979,1.3
323,-3.22,-4.63,-3.22,5103.61,1344.39,19,1,15,21,48,20,472178,1.2
324,6.75,-7.34,6.75,5103.61,1344.39,19,1,15,21,48,20,472287,3
325,-9.22,-3.14,-9.22,5103.61,1344.39,19,1,15,21,48,20,472497,1.1
326,-4.28,-5.77,-4.28,5103.61,1344.39,19,1,15,21,48,20,472625,1.2
327,7.22,-10.59,7.22,5103.61,1344.39,19,1,15,21,48,20,473297,1.3
328,-9.92,7.30,-9.92,5103.61,1344.39,19,1,15,21,48,20,473678,1.2
329,-7.45,-1.33,-7.45,5103.60,1344.39,19,1,15,21,48,22,474118,1.2
330,-7.37,1.65,-7.37,5103.60,1344.39,19,1,15,21,48,22,474261,1.2
331,0.47,3.37,0.47,5103.60,1344.39,19,1,15,21,48,22,474472,1.2
332,-4.67,-10.04,-4.67,5103.60,1344.39,19,1,15,21,48,22,474761,1.1
333,-6.08,-5.65,-6.08,5103.60,1344.39,19,1,15,21,48,22,475009,1.1
334,-9.38,-0.59,-9.38,5103.60,1344.39,19,1,15,21,48,22,475214,1.2
335,-3.06,-13.65,-3.06,5103.60,1344.39,19,1,15,21,48,22,475344,1.2
336,9.41,17.50,9.41,5103.60,1344.39,19,1,15,21,48,22,475557,1.1
337,-1.84,-11.18,-1.84,5103.60,1344.39,19,1,15,21,48,22,475769,1.2
338,-1.77,-4.71,-1.77,5103.60,1344.40,19,1,15,21,48,24,476235,1.3
339,-0.24,-6.59,-0.24,5103.60,1344.40,19,1,15,21,48,24,476518,1.3
340,-2.98,-15.18,-2.98,5103.60,1344.40,19,1,15,21,48,24,476678,1.3
341,2.63,-15.97,2.63,5103.60,1344.40,19,1,15,21,48,24,477288,3
342,1.41,6.94,1.41,5103.60,1344.40,19,1,15,21,48,24,477465,1.1
343,-6.28,-1.65,-6.28,5103.60,1344.40,19,1,15,21,48,24,477577,1.2
344,0.35,-3.06,0.35,5103.60,1344.40,19,1,15,21,48,24,477699,1.2
345,-19.18,6.20,-19.18,5103.60,1344.41,19,1,15,21,48,26,478149,1.3
346,-5.18,-17.53,-5.18,5103.60,1344.41,19,1,15,21,48,26,478419,1.1
347,-2.08,-8.24,-2.08,5103.60,1344.41,19,1,15,21,48,26,478538,1.2
348,-2.35,-11.26,-2.35,5103.60,1344.41,19,1,15,21,48,26,478667,1.2
349,-13.53,-3.49,-13.53,5103.60,1344.41,19,1,15,21,48,26,478792,1.1
350,-0.63,-1.92,-0.63,5103.60,1344.41,19,1,15,21,48,26,479414,1.2
351,0.63,-10.83,0.63,5103.60,1344.41,19,1,15,21,48,26,479731,1.3
352,-10.98,16.99,-10.98,5103.60,1344.42,19,1,15,21,48,28,479918,1.1
353,-0.43,-4.75,-0.43,5103.60,1344.42,19,1,15,21,48,28,480798,1.3
354,-3.73,-0.12,-3.73,5103.60,1344.42,19,1,15,21,48,28,480927,1.1
355,2.28,-1.18,2.28,5103.60,1344.42,19,1,15,21,48,30,482290,3
356,7.34,-18.67,7.34,5103.60,1344.42,19,1,15,21,48,30,482893,1.2
357,-8.08,-1.22,-8.08,5103.60,1344.43,19,1,15,21,48,32,484551,1.1
358,8.28,6.32,8.28,5103.60,1344.43,19,1,15,21,48,32,484755,1.3
359,-1.92,-1.49,-1.92,5103.60,1344.44,19,1,15,21,48,34,486064,1.2
360,2.00,-3.26,2.00,5103.60,1344.44,19,1,15,21,48,34,486662,1.3
361,-2.55,-7.85,-2.55,5103.60,1344.44,19,1,15,21,48,34,486943,1.2
362,0.00,-4.51,0.00,5103.60,1344.44,19,1,15,21,48,34,487291,3
363,-0.59,-10.32,-0.59,5103.60,1344.44,19,1,15,21,48,36,488645,1.3
364,-7.61,-5.26,-7.61,5103.60,1344.44,19,1,15,21,48,36,489064,1.1
365,0.16,7.06,0.16,5103.60,1344.44,19,1,15,21,48,36,489452,1.1
366,0.20,11.10,0.20,5103.60,1344.44,19,1,15,21,48,36,489610,1.1
367,-17.69,1.41,-17.69,5103.60,1344.44,19,1,15,21,48,36,489820,1.1
368,1.84,-13.81,1.84,5103.60,1344.45,19,1,15,21,48,38,490060,1.2
369,-20.01,13.81,-20.01,5103.60,1344.45,19,1,15,21,48,38,490240,1.2
370,2.39,-7.37,2.39,5103.60,1344.45,19,1,15,21,48,38,490510,1.3
371,-20.01,6.86,-20.01,5103.60,1344.45,19,1,15,21,48,38,490979,1.3
372,-0.63,-12.63,-0.63,5103.60,1344.45,19,1,15,21,48,38,491099,1.2
373,-3.41,-7.02,-3.41,5103.60,1344.45,19,1,15,21,48,38,491288,1.3
374,-0.04,-8.79,-0.04,5103.60,1344.45,19,1,15,21,48,38,491789,1.1
375,2.86,-10.43,2.86,5103.60,1344.45,19,1,15,21,48,40,491936,1.1
376,-19.61,18.32,-19.61,5103.60,1344.45,19,1,15,21,48,40,492124,1.1
377,-9.45,-3.49,-9.45,5103.60,1344.45,19,1,15,21,48,40,492293,3
378,-5.69,-19.85,-5.69,5103.60,1344.45,19,1,15,21,48,40,492538,1.3
379,-3.88,2.43,-3.88,5103.60,1344.45,19,1,15,21,48,40,492689,1.3
380,-3.33,1.33,-3.33,5103.60,1344.45,19,1,15,21,48,40,493096,1.1
381,0.04,-8.90,0.04,5103.60,1344.45,19,1,15,21,48,40,493300,1.1
382,0.04,-6.20,0.04,5103.60,1344.45,19,1,15,21,48,40,493689,1.3
383,6.71,-13.49,6.71,5103.59,1344.45,19,1,15,0,0,0,493976,1.2
384,-2.79,-4.00,-2.79,5103.59,1344.45,19,1,15,0,0,0,494773,1.3
385,-5.96,-2.55,-5.96,5103.59,1344.45,19,1,15,0,0,0,495689,1.3
386,1.37,-9.61,1.37,5103.59,1344.46,19,1,15,21,48,44,495939,1.1
387,-3.22,-11.92,-3.22,5103.59,1344.46,19,1,15,21,48,44,496108,1.1
388,4.31,-3.65,4.31,5103.59,1344.46,19,1,15,21,48,44,496635,1.3
389,1.41,-1.41,1.41,5103.59,1344.46,19,1,15,21,48,44,497203,1.3
390,0.78,-14.36,0.78,5103.59,1344.46,19,1,15,21,48,44,497293,3
391,-2.98,-9.10,-2.98,5103.59,1344.46,19,1,15,21,48,46,497961,1.2
392,1.73,1.14,1.73,5103.59,1344.46,19,1,15,21,48,46,498249,1.3
393,0.00,1.96,0.00,5103.59,1344.46,19,1,15,21,48,46,498424,1.3
394,-0.71,-11.45,-0.71,5103.59,1344.46,19,1,15,21,48,46,498781,1.2
395,-20.01,9.77,-20.01,5103.59,1344.46,19,1,15,21,48,46,498900,1.2
396,2.12,0.00,2.12,5103.59,1344.46,19,1,15,21,48,46,499055,1.3
397,0.71,-12.71,0.71,5103.59,1344.46,19,1,15,21,48,46,499181,1.3
398,0.16,-2.47,0.16,5103.59,1344.46,19,1,15,21,48,48,499923,1.3
399,6.94,-0.31,6.94,5103.59,1344.46,19,1,15,21,48,48,500081,1.3
400,-2.31,-7.69,-2.31,5103.59,1344.46,19,1,15,21,48,48,500195,1.3
401,-20.01,10.36,-20.01,5103.59,1344.46,19,1,15,21,48,48,500476,1.2
402,-2.94,0.59,-2.94,5103.59,1344.46,19,1,15,21,48,48,500632,1.3
403,-18.24,15.69,-18.24,5103.59,1344.46,19,1,15,21,48,48,500800,1.2
404,-2.82,-1.49,-2.82,5103.59,1344.46,19,1,15,21,48,48,501366,1.3
405,1.88,-9.14,1.88,5103.59,1344.46,19,1,15,21,48,48,501515,1.3
406,-14.98,0.78,-14.98,5103.59,1344.46,19,1,15,21,48,48,501676,1.1
407,3.73,-6.16,3.73,5103.59,1344.47,19,1,15,21,48,50,502025,1.2
408,-19.97,13.10,-19.97,5103.59,1344.47,19,1,15,21,48,50,502190,1.2
409,1.06,-12.51,1.06,5103.59,1344.47,19,1,15,21,48,50,502294,3
410,3.61,-5.06,3.61,5103.59,1344.47,19,1,15,21,48,50,502501,1.2
411,-11.53,-5.65,-11.53,5103.59,1344.47,19,1,15,21,48,50,502794,1.3
412,-0.08,-1.84,-0.08,5103.59,1344.47,19,1,15,21,48,50,502969,1.3
413,-4.12,-17.30,-4.12,5103.59,1344.47,19,1,15,21,48,50,503108,1.2
414,2.94,10.47,2.94,5103.59,1344.47,19,1,15,21,48,50,503560,1.2
415,-3.61,-2.90,-3.61,5103.59,1344.47,19,1,15,21,48,50,503677,1.1
416,-3.33,0.12,-3.33,5103.59,1344.47,19,1,15,21,48,50,503909,1.1
417,-5.88,-3.02,-5.88,5103.59,1344.47,19,1,15,21,48,52,504309,1.2
418,-0.98,-5.18,-0.98,5103.59,1344.47,19,1,15,21,48,52,504464,1.1
419,0.08,-6.86,0.08,5103.59,1344.47,19,1,15,21,48,52,504780,1.2
420,2.98,-6.35,2.98,5103.59,1344.47,19,1,15,21,48,52,504993,1.2
421,8.63,-8.90,8.63,5103.59,1344.47,19,1,15,21,48,52,505120,1.2
422,5.77,0.55,5.77,5103.59,1344.47,19,1,15,21,48,52,505403,1.2
423,-5.88,-5.49,-5.88,5103.59,1344.47,19,1,15,21,48,52,505513,1.3
424,-5.18,-4.75,-5.18,103.58,144.47,1,90,15,205,40,0,506020,1.1
425,1.06,-6.71,1.06,103.58,144.47,1,90,15,205,40,0,506312,1.3
426,-2.94,-1.10,-2.94,103.58,144.47,1,90,15,205,40,0,506513,1.3
427,-0.47,1.02,-0.47,103.58,144.47,1,90,15,205,40,0,506849,1.2
428,-2.63,-0.24,-2.63,103.58,144.47,1,90,15,205,40,0,507226,1.1
429,3.84,-19.30,3.84,103.58,144.47,1,90,15,205,40,0,507318,3
430,4.16,-18.63,4.16,103.58,144.47,1,90,15,205,40,0,507618,1.3
431,-3.06,-4.86,-3.06,5103.58,1344.48,1,90,15,21,48,56,508037,1.3
432,-2.51,-8.67,-2.51,5103.58,1344.48,1,90,15,21,48,56,508241,1.3
433,1.22,12.12,1.22,5103.58,1344.48,1,90,15,21,48,56,508420,1.2
434,-0.59,-1.73,-0.59,5103.58,1344.48,1,90,15,21,48,56,508680,1.2
435,15.73,17.77,15.73,5103.58,1344.48,1,90,15,21,48,56,508801,1.2
436,5.88,-8.20,5.88,5103.58,1344.48,1,90,15,21,48,56,509111,1.2
437,-10.75,-3.53,-10.75,5103.58,1344.48,1,90,15,21,48,56,509254,1.2
438,3.65,-0.47,3.65,5103.58,1344.48,1,90,15,21,48,56,509886,1.1
439,-18.40,2.98,-18.40,5103.58,1344.49,1,90,15,21,48,58,510113,1.2
440,-2.16,-3.37,-2.16,5103.58,1344.49,1,90,15,21,48,58,510359,1.3
441,-1.26,-6.04,-1.26,5103.58,1344.49,1,90,15,21,48,58,510476,1.3
442,1.06,5.45,1.06,5103.58,1344.49,1,90,15,21,48,58,510598,1.2
443,-0.35,-6.08,-0.35,5103.58,1344.49,1,90,15,21,48,58,510777,1.3
444,-8.16,-8.12,-8.16,5103.58,1344.49,1,90,15,21,48,58,511125,1.3
445,19.89,20.01,19.89,5103.58,1344.49,1,90,15,21,48,58,511382,1.2
446,-13.57,1.49,-13.57,5103.57,1344.49,1,90,15,21,49,0,512004,1.2
447,-1.65,0.59,-1.65,5103.57,1344.49,1,90,15,21,49,0,512222,1.1
448,1.18,-1.92,1.18,5103.57,1344.49,1,90,15,21,49,0,512312,3
449,5.69,14.28,5.69,5103.57,1344.49,1,90,15,21,49,0,512747,1.3
450,-2.82,-18.36,-2.82,5103.57,1344.49,1,90,15,21,49,0,512939,1.2
451,-6.90,-4.04,-6.90,5103.57,1344.49,1,90,15,21,49,0,513107,1.3
452,-3.57,-19.81,-3.57,5103.57,1344.49,1,90,15,21,49,0,513327,1.2
453,-2.39,-7.06,-2.39,5103.57,1344.49,1,90,15,21,49,0,513590,1.1
454,0.63,2.94,0.63,5103.57,1344.49,1,90,15,21,49,0,513735,1.3
455,1.69,-14.00,1.69,5103.57,1344.49,1,90,15,21,49,0,513859,1.1
456,-5.88,-3.02,-5.88,5103.57,1344.49,1,90,15,21,49,0,513987,1.3
457,-3.26,-13.38,-3.26,5103.57,1344.50,1,90,15,21,49,2,514204,1.2
458,-1.57,-0.98,-1.57,5103.57,1344.50,1,90,15,21,49,2,514322,1.2
459,3.53,-20.01,3.53,5103.57,1344.50,1,90,15,21,49,2,514506,1.2
460,-18.63,16.83,-18.63,5103.57,1344.50,1,90,15,21,49,2,514630,1.2
461,-18.59,4.24,-18.59,5103.57,1344.50,1,90,15,21,49,2,514840,1.3
462,0.39,-1.10,0.39,5103.57,1344.50,1,90,15,21,49,2,515091,1.2
463,-0.78,-4.47,-0.78,5103.57,1344.50,1,90,15,21,49,2,515344,1.2
464,-20.01,15.38,-20.01,5103.57,1344.50,1,90,15,21,49,2,515535,1.2
465,-7.77,-7.14,-7.77,5103.57,1344.50,1,90,15,21,49,2,515975,1.3
466,9.41,11.89,9.41,5103.57,1344.50,1,90,15,21,49,2,516089,1.2
467,-1.73,-13.53,-1.73,5103.57,1344.51,1,90,15,0,0,21,516281,1.2
468,1.29,-5.53,1.29,5103.57,1344.51,1,90,15,0,0,21,516396,1.2
469,-1.33,-15.61,-1.33,5103.57,1344.51,1,90,15,0,0,21,516945,1.3
470,1.49,-7.57,1.49,5103.57,1344.51,1,90,15,0,0,21,517250,1.2
471,-6.83,-5.65,-6.83,5103.57,1344.51,1,90,15,0,0,21,517339,3
472,-1.57,-6.63,-1.57,5103.57,1344.51,1,90,15,0,0,21,517486,1.3
473,-7.57,3.80,-7.57,5103.57,1344.51,1,90,15,0,0,21,517743,1.2
474,5.88,0.08,5.88,5103.57,1344.51,1,90,15,0,0,21,518081,1.1
475,-20.01,20.01,-20.01,5103.57,1344.51,1,90,15,0,0,21,518192,1.2
476,9.18,4.90,9.18,5103.57,1344.51,19,1,15,21,49,6,518353,1.3
477,4.04,-12.87,4.04,5103.57,1344.51,19,1,15,21,49,6,518980,1.2
478,5.53,-3.69,5.53,5103.57,1344.51,19,1,15,21,49,6,519101,1.2
479,-6.75,-2.12,-6.75,5103.57,1344.51,19,1,15,21,49,6,519214,1.3
480,-0.27,-6.24,-0.27,5103.57,1344.51,19,1,15,21,49,6,519379,1.2
481,-1.53,-16.08,-1.53,5103.57,1344.51,19,1,15,21,49,6,519565,1.2
482,-1.65,-8.63,-1.65,5103.57,1344.51,19,1,15,21,49,6,519764,1.2
483,-3.49,-2.86,-3.49,5103.57,1344.52,19,1,15,21,49,8,520358,1.1
484,-20.01,8.12,-20.01,5103.57,1344.52,19,1,15,21,49,8,521276,1.3
485,2.12,-8.12,2.12,5103.57,1344.52,19,1,15,21,49,8,521392,1.3
486,0.59,-5.06,0.59,5103.57,1344.52,19,1,15,21,49,8,521579,1.1
487,-8.59,1.26,-8.59,5103.57,1344.52,19,1,15,21,49,8,521767,1.1
488,1.06,-5.96,1.06,5103.57,1344.52,19,1,15,21,49,8,521879,1.3
489,-16.04,2.90,-16.04,5103.57,1344.52,19,1,15,21,49,8,522002,1.1
490,-1.06,-0.12,-1.06,5103.57,1344.52,19,1,15,21,49,8,522151,1.1
491,-3.49,-3.80,-3.49,5103.57,1344.52,19,1,15,21,49,10,522332,3
492,-3.88,-2.59,-3.88,5103.57,1344.53,19,1,15,21,49,15,527333,3
493,-0.47,7.14,-0.47,5103.57,1344.53,19,1,15,21,49,15,527652,1.1
494,-1.37,-3.53,-1.37,5103.58,1344.54,19,1,15,21,49,20,532333,3
495,1.37,-3.77,1.37,5103.58,1344.54,19,1,15,21,49,20,533014,1.3
496,-0.12,-8.39,-0.12,5103.58,1344.54,19,1,15,21,49,24,537335,3
497,-1.22,2.71,-1.22,5103.59,1344.56,19,1,15,21,49,31,542338,3
498,-1.84,-4.47,-1.84,5103.60,1344.56,19,1,15,21,49,35,546363,1.2
499,-3.65,-4.12,-3.65,5103.60,1344.56,19,1,15,21,49,35,547339,3
500,-3.77,-3.41,-3.77,5103.60,1344.56,19,1,15,21,49,35,548279,1.3
501,-2.04,-4.47,-2.04,5103.60,1344.56,19,1,15,21,49,36,548673,1.3
502,0.24,-7.22,0.24,5103.60,1344.56,19,1,15,21,49,36,549741,1.3
503,-1.53,0.31,-1.53,5103.60,1344.57,19,1,15,21,49,39,551460,1.3
504,1.33,-1.73,1.33,5103.60,1344.57,19,1,15,21,49,39,552339,3
505,-0.98,-3.61,-0.98,5103.61,1344.57,19,1,15,21,49,43,554568,1.3
506,-1.88,-2.98,-1.88,5103.61,1344.58,19,1,15,21,49,44,556447,1.2
507,-0.24,-5.69,-0.24,5103.61,1344.58,19,1,15,21,49,44,557340,3
508,-0.63,-4.71,-0.63,5103.62,1344.58,19,1,15,21,49,48,562341,3
509,-6.12,-5.10,-6.12,5103.62,1344.59,19,1,15,21,49,51,562526,1.3
510,-8.59,-1.77,-8.59,5103.63,1344.59,19,1,15,21,49,55,566441,1.2
511,1.37,-7.88,1.37,5103.63,1344.59,19,1,15,21,49,55,567181,1.3
512,2.28,-6.51,2.28,5103.63,1344.59,19,1,15,21,49,55,567333,1.3
513,2.28,-6.51,2.28,5103.63,1344.59,19,1,15,21,49,55,567412,3
514,18.51,20.01,18.51,5103.63,1344.59,19,1,15,21,49,55,567988,1.3
515,-3.61,8.90,-3.61,5103.63,1344.59,19,1,15,21,49,55,568188,1.2
516,5.65,-8.90,5.65,5103.63,1344.59,19,1,15,21,49,55,568301,1.2
517,-1.96,3.18,-1.96,5103.63,1344.59,19,1,15,21,49,55,568423,1.2
518,-8.87,-11.26,-8.87,5103.63,1344.59,19,1,15,21,49,56,568584,1.3
519,15.02,-3.10,15.02,5103.63,1344.59,19,1,15,21,49,56,568765,1.2
520,-11.89,4.82,-11.89,5103.63,1344.59,19,1,15,21,49,56,568941,1.1
521,19.69,13.69,19.69,5103.63,1344.59,19,1,15,21,49,56,569267,1.3
522,0.43,-2.59,0.43,5103.63,1344.59,19,1,15,21,49,56,569968,1.2
523,4.31,-3.37,4.31,5103.64,1344.60,19,1,15,21,49,59,571128,1.3
524,-2.28,-5.81,-2.28,5103.64,1344.60,19,1,15,21,49,59,572386,3
525,0.55,-1.10,0.55,5103.64,1344.60,19,1,15,21,50,3,575385,1.3
526,-0.47,-6.55,-0.47,5103.65,1344.61,19,1,15,21,50,4,576675,1.1
527,-2.59,-2.79,-2.59,5103.65,1344.61,19,1,15,21,50,4,577387,3
528,0.51,-4.12,0.51,5103.65,1344.61,19,1,15,21,50,4,577487,1.1
529,-1.41,1.10,-1.41,5103.65,1344.61,19,1,15,21,50,4,578447,1.3
530,-2.59,-8.67,-2.59,5103.65,1344.61,19,1,15,21,50,7,578569,1.1
531,2.08,-1.10,2.08,5103.65,1344.61,19,1,15,21,50,7,578720,1.1
532,20.01,-20.01,20.01,5103.65,1344.61,19,1,15,21,50,7,578841,1.3
533,3.49,4.43,3.49,5103.65,1344.61,19,1,15,21,50,7,579090,1.2
534,-3.69,2.00,-3.69,5103.65,1344.61,19,1,15,21,50,7,579251,1.3
535,-4.75,0.86,-4.75,5103.65,1344.61,19,1,15,21,50,7,580279,1.3
536,-2.98,-2.12,-2.98,5103.65,1344.61,19,1,15,21,50,7,580393,1.3
537,-1.57,-2.82,-1.57,5103.65,1344.61,19,1,15,21,50,7,580517,1.2
538,-10.20,5.57,-10.20,5103.65,1344.61,19,1,15,21,50,8,580988,1.1
539,-7.37,-11.41,-7.37,5103.65,1344.61,19,1,15,21,50,8,581139,1.1
540,14.83,-7.34,14.83,5103.65,1344.61,19,1,15,21,50,8,581409,1.2
541,-1.33,-3.14,-1.33,5103.65,1344.61,19,1,15,21,50,8,582388,3
542,-0.71,-3.26,-0.71,5103.66,1344.63,19,1,15,21,50,15,587389,3
543,-0.20,-5.96,-0.20,5103.67,1344.63,19,1,15,21,50,19,591582,1.3
544,1.61,6.43,1.61,5103.67,1344.63,19,1,15,21,50,19,592100,1.3
545,-2.55,-3.18,-2.55,5103.67,1344.63,19,1,15,21,50,19,592391,3
546,-2.00,-4.04,-2.00,5103.68,1344.64,19,1,15,21,50,23,596112,1.1
547,2.55,6.12,2.55,5103.68,1344.64,19,1,15,21,50,23,596423,1.3
548,-9.06,7.53,-9.06,5103.68,1344.64,19,1,15,21,50,24,597391,3
549,1.41,-1.88,1.41,5103.68,1344.64,19,1,15,21,50,27,599937,1.3
550,-0.55,-5.49,-0.55,5103.69,1344.64,19,1,15,21,50,28,600712,1.1
551,0.71,-4.20,0.71,5103.69,1344.64,19,1,15,21,50,28,601592,1.2
552,0.78,-6.39,0.78,5103.69,1344.64,19,1,15,21,50,28,602392,3
553,0.20,2.63,0.20,5103.69,1344.65,19,1,15,21,50,31,603720,1.3
554,0.59,-1.96,0.59,5103.70,1344.66,19,1,15,21,50,35,607393,3
555,-0.08,-5.81,-0.08,5103.71,1344.68,19,1,15,21,50,39,611725,1.3
556,-0.63,-1.18,-0.63,5103.71,1344.68,19,1,15,21,50,39,612395,3
557,0.98,1.10,0.98,5103.71,1344.68,19,1,15,21,50,39,612495,1.1
558,1.45,-6.32,1.45,5103.72,1344.69,19,1,15,21,50,43,616214,1.3
559,-0.59,-2.63,-0.59,5103.72,1344.70,19,1,15,21,50,44,617396,3
560,-7.34,-2.86,-7.34,5103.73,1344.71,19,1,15,21,50,48,622397,3
561,1.49,-2.55,1.49,5103.74,1344.73,19,1,15,21,50,55,626933,1.1
562,-8.90,0.71,-8.90,5103.74,1344.73,19,1,15,21,50,55,627146,1.3
563,-2.67,-6.12,-2.67,5103.74,1344.73,19,1,15,21,50,55,627397,3
564,6.51,-7.69,6.51,5103.74,1344.73,19,1,15,21,50,55,627544,1.2
565,2.00,-7.30,2.00,5103.74,1344.74,19,1,15,21,50,59,630709,1.3
566,-1.61,12.36,-1.61,5103.74,1344.74,19,1,15,21,50,59,630917,1.2
567,15.02,6.75,15.02,5103.74,1344.74,19,1,15,21,50,59,631033,1.3
568,-8.00,0.04,-8.00,5103.74,1344.74,19,1,15,21,50,59,631317,1.2
569,2.63,15.81,2.63,5103.74,1344.74,19,1,15,21,50,59,631431,1.3
570,-7.37,-0.51,-7.37,5103.74,1344.74,19,1,15,21,50,59,631615,1.2
571,-4.79,-9.22,-4.79,5103.74,1344.74,19,1,15,21,50,59,631732,1.1
572,-17.77,13.38,-17.77,5103.74,1344.74,19,1,15,21,50,59,632013,1.1
573,-0.55,-5.14,-0.55,5103.74,1344.74,19,1,15,21,50,59,632134,1.2
574,-5.06,20.01,-5.06,5103.74,1344.74,19,1,15,21,50,59,632259,1.1
575,1.18,-10.40,1.18,5103.74,1344.74,19,1,15,21,50,59,632390,1.2
576,1.18,-10.40,1.18,5103.74,1344.74,19,1,15,21,50,59,632474,3
577,5.57,-8.94,5.57,5103.75,1344.74,19,1,15,21,51,0,632760,1.2
578,4.39,1.69,4.39,5103.75,1344.74,19,1,15,21,51,0,633043,1.2
579,2.20,-6.08,2.20,5103.75,1344.74,19,1,15,21,51,0,633161,1.3
580,0.82,-4.63,0.82,5103.75,1344.74,19,1,15,21,51,0,633271,1.2
581,4.35,-8.12,4.35,5103.75,1344.74,19,1,15,21,51,0,633401,1.1
582,-12.43,-20.01,-12.43,5103.75,1344.74,19,1,15,21,51,0,633579,1.3
583,-8.90,-3.53,-8.90,5103.75,1344.74,19,1,15,21,51,0,633933,1.3
584,1.69,5.22,1.69,5103.75,1344.74,19,1,15,21,51,0,634165,1.3
585,-5.30,-13.65,-5.30,5103.75,1344.75,19,1,15,21,51,3,634663,1.1
586,-2.75,-0.94,-2.75,5103.75,1344.75,19,1,15,21,51,3,635108,1.1
587,-2.28,-1.41,-2.28,5103.75,1344.75,19,1,15,21,51,3,635468,1.3
588,7.65,2.35,7.65,5103.75,1344.75,19,1,15,21,51,3,636056,1.3
589,-1.22,-1.80,-1.22,5103.75,1344.75,19,1,15,21,51,3,636595,1.3
590,-2.08,-0.04,-2.08,5103.75,1344.75,19,1,15,21,51,4,636735,1.2
591,-4.75,10.71,-4.75,5103.75,1344.75,19,1,15,21,51,4,636886,1.2
592,3.02,5.65,3.02,5103.75,1344.75,19,1,15,21,51,4,636989,1.3
593,4.39,-10.67,4.39,5103.75,1344.75,19,1,15,21,51,4,637448,3
594,-0.75,-0.55,-0.75,5103.75,1344.75,19,1,15,21,51,4,637896,1.2
595,-1.22,0.82,-1.22,5103.75,1344.76,19,1,15,21,51,7,638763,1.2
596,-4.47,-0.04,-4.47,5103.75,1344.76,19,1,15,21,51,7,639152,1.3
597,-5.69,-11.96,-5.69,5103.75,1344.76,19,1,15,21,51,7,639364,1.1
598,-7.65,0.94,-7.65,5103.75,1344.76,19,1,15,21,51,7,639563,1.2
599,-2.28,-9.92,-2.28,5103.75,1344.76,19,1,15,21,51,7,640335,1.2
600,1.49,-6.94,1.49,5103.75,1344.76,19,1,15,21,51,7,640472,1.2
601,0.16,-2.82,0.16,5103.75,1344.76,19,1,15,21,51,7,640676,1.2
602,-15.73,8.79,-15.73,5103.76,1344.76,19,1,15,21,51,8,640806,1.3
603,-8.55,-10.43,-8.55,5103.76,1344.76,19,1,15,21,51,8,640953,1.2
604,-2.12,-9.26,-2.12,5103.76,1344.76,19,1,15,21,51,8,641118,1.2
605,4.79,0.08,4.79,5103.76,1344.76,19,1,15,21,51,8,641233,1.2
606,-7.06,3.77,-7.06,5103.76,1344.76,19,1,15,21,51,8,641861,1.3
607,-0.16,-7.96,-0.16,5103.76,1344.76,19,1,15,21,51,8,642076,1.1
608,-1.06,-1.57,-1.06,5103.76,1344.76,19,1,15,21,51,8,642227,1.2
609,-0.94,-8.12,-0.94,5103.76,1344.76,19,1,15,21,51,8,642342,1.2
610,5.69,-19.93,5.69,5103.76,1344.76,19,1,15,21,51,8,642448,3
611,3.22,2.00,3.22,5103.76,1344.76,19,1,15,21,51,11,643110,1.1
612,2.86,-7.96,2.86,5103.76,1344.76,19,1,15,21,51,11,643267,1.3
613,-4.82,-7.69,-4.82,5103.76,1344.76,19,1,15,21,51,11,643423,1.1
614,-4.35,-10.55,-4.35,5103.76,1344.76,19,1,15,21,51,11,643540,1.3
615,-1.88,-1.61,-1.88,5103.76,1344.76,19,1,15,21,51,11,643666,1.1
616,-1.18,5.69,-1.18,5103.76,1344.76,19,1,15,21,51,11,644072,1.2
617,-0.55,-3.77,-0.55,5103.76,1344.76,19,1,15,21,51,11,644220,1.3
618,-0.08,-1.77,-0.08,5103.76,1344.76,19,1,15,21,51,11,644484,1.1
619,-4.47,-13.49,-4.47,51.00,1344.77,19,1,15,21,51,12,644822,1.3
620,-0.04,-17.26,-0.04,51.00,1344.77,19,1,15,21,51,12,645559,1.3
621,6.16,7.96,6.16,51.00,1344.77,19,1,15,21,51,12,646578,1.2
622,-6.90,-5.45,-6.90,5103.77,1344.77,19,1,15,21,51,15,646973,1.2
623,2.12,-8.20,2.12,5103.77,1344.77,19,1,15,21,51,15,647357,1.2
624,-1.61,-13.22,-1.61,5103.77,1344.77,19,1,15,21,51,15,647450,3
625,-2.94,-3.41,-2.94,5103.77,1344.77,19,1,15,21,51,15,647872,1.3
626,-4.59,-5.26,-4.59,5103.77,1344.77,19,1,15,21,51,15,648067,1.2
627,-0.24,2.31,-0.24,5103.77,1344.77,19,1,15,21,51,15,648182,1.2
628,-3.88,3.53,-3.88,5103.77,13459.00,19,1,15,21,51,16,648857,1.3
629,-1.65,-20.01,-1.65,5103.77,13459.00,19,1,15,21,51,16,649069,1.2
630,-2.75,-6.59,-2.75,5103.77,13459.00,19,1,15,21,51,16,649222,1.3
631,-4.75,-5.37,-4.75,5103.77,13459.00,19,1,15,21,51,16,649352,1.3
632,2.00,5.18,2.00,5103.77,13459.00,19,1,15,21,51,16,649709,1.1
633,3.73,-14.55,3.73,5103.77,13459.00,19,1,15,21,51,16,649927,1.3
634,0.78,-12.63,0.78,5103.77,13459.00,19,1,15,21,51,16,650728,1.3
635,3.57,-6.94,3.57,5103.78,1344.78,19,1,15,21,51,19,650851,1.2
636,-3.61,3.88,-3.61,5103.78,1344.78,19,1,15,21,51,19,650984,1.3
637,3.45,-5.81,3.45,5103.78,1344.78,19,1,15,21,51,19,651309,1.3
638,0.63,5.41,0.63,5103.78,1344.78,19,1,15,21,51,19,651438,1.3
639,5.84,-9.41,5.84,5103.78,1344.78,19,1,15,21,51,19,651625,1.1
640,-5.77,-12.79,-5.77,5103.78,1344.78,19,1,15,21,51,19,652451,3
641,4.59,-1.37,4.59,5103.78,1344.78,19,1,15,21,51,19,652729,1.3
642,3.30,-17.34,3.30,5103.78,1344.78,19,1,15,21,51,20,652934,1.2
643,2.16,-0.67,2.16,5103.78,1344.78,19,1,15,21,51,20,653153,1.3
644,2.51,-3.57,2.51,5103.78,1344.78,19,1,15,21,51,20,653646,1.2
645,-0.71,-3.33,-0.71,5103.78,1344.78,19,1,15,21,51,20,654292,1.2
646,-0.82,-12.32,-0.82,5103.78,1344.78,19,1,15,21,51,23,654823,1.1
647,-4.35,-5.57,-4.35,5103.78,1344.78,19,1,15,21,51,23,655340,1.3
648,-2.59,-13.57,-2.59,5103.78,1344.78,19,1,15,21,51,23,655603,1.1
649,0.78,-6.67,0.78,5103.78,1344.78,19,1,15,21,51,23,655770,1.2
650,-16.63,-0.51,-16.63,5103.78,1344.78,19,1,15,21,51,23,655958,1.3
651,-6.47,-9.22,-6.47,5103.78,1344.78,19,1,15,21,51,23,656078,1.1
652,1.14,2.47,1.14,5103.78,1344.78,19,1,15,21,51,23,656388,1.3
653,-0.35,-1.14,-0.35,5103.78,1344.78,19,1,15,21,51,23,656575,1.2
654,-4.16,0.67,-4.16,5103.78,1344.78,19,1,15,21,51,23,656696,1.2
655,9.06,-2.98,9.06,5103.79,1344.79,19,1,15,21,51,24,656827,1.2
656,0.08,-4.08,0.08,5103.79,1344.79,19,1,15,21,51,24,657120,1.2
657,-0.39,12.67,-0.39,5103.79,1344.79,19,1,15,21,51,24,657311,1.2
658,-1.18,-8.16,-1.18,5103.79,1344.79,19,1,15,21,51,24,657453,3
659,-2.79,-1.61,-2.79,5103.79,1344.79,19,1,15,21,51,24,657991,1.2
660,-1.88,-0.47,-1.88,5103.79,1344.79,19,1,15,21,51,24,658111,1.1
661,-5.06,-9.34,-5.06,5103.79,1344.79,19,1,15,21,51,24,658344,1.3
662,0.16,-4.08,0.16,5103.79,1344.79,19,1,15,21,51,24,658529,1.3
663,4.79,-3.22,4.79,5103.79,1344.79,19,1,15,21,51,26,659014,1.2
664,-4.08,-7.26,-4.08,5103.79,1344.79,19,1,15,21,51,26,659331,1.2
665,-1.61,14.16,-1.61,5103.79,1344.79,19,1,15,21,51,26,659489,1.2
666,-1.69,-2.16,-1.69,5103.79,1344.79,19,1,15,21,51,26,659606,1.2
667,-1.69,-2.16,-1.69,5103.79,1344.79,19,1,15,21,51,26,659721,1.3
668,-0.86,-7.45,-0.86,5103.79,1344.79,19,1,15,21,51,26,659920,1.3
669,-2.82,1.92,-2.82,5103.79,1344.79,19,1,15,21,51,26,660082,1.2
670,-2.55,-1.22,-2.55,5103.79,1344.79,19,1,15,21,51,26,660197,1.2
671,-8.47,0.12,-8.47,5103.79,1344.79,19,1,15,21,51,26,660338,1.3
672,-0.67,5.69,-0.67,5103.79,1344.80,19,1,15,21,51,28,660937,1.2
673,-0.16,-11.26,-0.16,5103.79,1344.80,19,1,15,21,51,28,661081,1.2
674,2.67,-6.24,2.67,5103.79,1344.80,19,1,15,21,51,28,661278,1.3
675,-4.67,4.51,-4.67,5103.79,1344.80,19,1,15,21,51,28,661451,1.1
676,-7.85,-5.81,-7.85,5103.79,1344.80,19,1,15,21,51,28,661593,1.2
677,-6.71,-6.86,-6.71,5103.79,1344.80,19,1,15,21,51,28,661709,1.3
678,-6.32,-3.49,-6.32,5103.79,1344.80,19,1,15,21,51,28,662048,1.3
679,-5.22,-2.00,-5.22,5103.79,1344.80,19,1,15,21,51,28,662165,1.1
680,4.98,7.02,4.98,5103.79,1344.80,19,1,15,21,51,28,662304,1.2
681,1.92,-9.34,1.92,5103.79,1344.80,19,1,15,21,51,28,662439,1.2
682,1.92,-9.34,1.92,5103.79,1344.80,19,1,15,21,51,28,662518,3
683,1.53,-4.82,1.53,5103.79,1344.80,19,1,15,0,0,21,662838,1.2
684,0.00,-5.14,0.00,5103.79,1344.80,19,1,15,0,0,21,663479,1.2
685,-18.44,9.81,-18.44,5103.79,1344.80,19,1,15,0,0,21,664458,1.1
686,2.08,-4.90,2.08,5103.79,1344.80,19,1,15,0,0,21,664663,1.3
687,-6.98,1.92,-6.98,5103.80,1344.80,19,1,15,21,51,32,664873,1.3
688,0.82,-7.26,0.82,5103.80,1344.81,19,1,15,21,51,35,666960,1.3
689,-1.45,-0.51,-1.45,5103.80,1344.81,19,1,15,21,51,35,667493,3
690,-2.28,-1.53,-2.28,5103.80,1344.81,19,1,15,21,51,39,672494,3
691,0.86,-4.24,0.86,5103.80,1344.81,19,1,15,21,51,44,677150,1.3
692,15.30,20.01,15.30,5103.80,1344.81,19,1,15,21,51,44,677298,1.2
693,2.12,-2.24,2.12,5103.80,1344.81,19,1,15,21,51,44,677495,3
694,0.04,-9.41,0.04,5103.80,1344.81,19,1,15,21,51,48,681519,1.2
695,3.41,-6.28,3.41,5103.80,1344.81,19,1,15,21,51,48,681683,1.1
696,0.08,-8.47,0.08,5103.80,1344.81,19,1,15,21,51,48,681883,1.3
697,-6.32,-5.49,-6.32,5103.80,1344.81,19,1,15,21,51,48,682498,3
698,0.75,0.98,0.75,5103.80,1344.82,19,1,15,21,51,51,683062,1.2
699,0.00,-3.69,0.00,5103.80,1344.82,19,1,15,21,51,51,683297,1.2
700,-6.12,-1.69,-6.12,5103.80,1344.82,19,1,15,21,51,51,683480,1.1
701,1.61,-5.57,1.61,5103.80,1344.82,19,1,15,21,51,51,683819,1.1
702,-6.90,-2.71,-6.90,5103.80,1344.82,19,1,15,21,51,51,684362,1.3
703,1.84,-7.69,1.84,5103.80,1344.83,19,1,15,21,51,52,684959,1.2
704,-5.10,-4.51,-5.10,5103.80,1344.83,19,1,15,21,51,52,685283,1.2
705,0.51,-5.92,0.51,5103.80,1344.83,19,1,15,21,51,52,685495,1.2
706,0.82,-1.45,0.82,5103.80,1344.83,19,1,15,21,51,52,685625,1.3
707,-6.12,-0.71,-6.12,5103.80,1344.83,19,1,15,21,51,52,685924,1.3
708,-1.49,-4.86,-1.49,5103.80,1344.83,19,1,15,21,51,52,686098,1.1
709,-0.08,-0.20,-0.08,5103.80,1344.83,19,1,15,21,51,52,686655,1.3
710,1.33,0.47,1.33,5103.80,1344.83,19,1,15,21,51,55,686867,1.2
711,-0.71,-6.08,-0.71,5103.80,1344.83,19,1,15,21,51,55,686994,1.2
712,0.78,-5.18,0.78,5103.80,1344.83,19,1,15,21,51,55,687303,1.3
713,-8.36,-10.28,-8.36,5103.80,1344.83,19,1,15,21,51,55,687483,1.3
714,-8.36,-10.28,-8.36,5103.80,1344.83,19,1,15,21,51,55,687571,3
715,-1.18,-1.06,-1.18,5103.80,1344.83,19,1,15,21,51,55,687747,1.1
716,-1.33,-2.16,-1.33,5103.80,1344.83,19,1,15,21,51,55,687901,1.3
717,-6.43,-15.49,-6.43,5103.80,1344.83,19,1,15,21,51,55,688078,1.2
718,-0.67,2.63,-0.67,5103.80,1344.83,19,1,15,21,51,55,688413,1.1
719,-2.04,-4.98,-2.04,5103.80,1344.84,19,1,15,21,51,56,689441,1.1
720,0.12,-4.67,0.12,5103.80,1344.84,19,1,15,21,51,56,689849,1.2
721,-1.02,-20.01,-1.02,5103.80,1344.84,19,1,15,21,51,56,690190,1.3
722,2.43,-19.42,2.43,5103.80,1344.84,19,1,15,21,51,56,690381,1.3
723,-1.45,-0.59,-1.45,5103.80,1344.84,19,1,15,21,51,56,690586,1.2
724,-10.94,-4.75,-10.94,5103.80,1344.84,19,1,15,21,51,56,690734,1.2
725,1.26,0.35,1.26,5103.80,1344.84,19,1,15,21,51,59,690903,1.1
726,6.55,-14.44,6.55,5103.80,1344.84,19,1,15,21,51,59,691037,1.1
727,-0.98,-4.35,-0.98,5103.80,1344.84,19,1,15,21,51,59,691245,1.2
728,4.20,-3.33,4.20,5103.80,1344.84,19,1,15,21,51,59,692038,1.3
729,-8.67,-11.06,-8.67,5103.80,1344.84,19,1,15,21,51,59,692355,1.2
730,3.06,-17.50,3.06,5103.80,1344.84,19,1,15,21,51,59,692542,3
731,-0.35,-4.59,-0.35,5103.80,1344.85,19,1,15,215,20,14,692944,1.3
732,-1.80,-2.71,-1.80,5103.80,1344.85,19,1,15,215,20,14,693062,1.1
733,-11.18,-2.94,-11.18,5103.80,1344.85,19,1,15,215,20,14,693256,1.3
734,-3.49,-5.49,-3.49,5103.80,1344.85,19,1,15,215,20,14,693378,1.3
735,-0.82,-0.04,-0.82,5103.80,1344.85,19,1,15,215,20,14,693995,1.3
736,7.88,-12.20,7.88,5103.80,1344.85,19,1,15,215,20,14,694257,1.1
737,-5.02,2.82,-5.02,5103.80,1344.85,19,1,15,215,20,14,694438,1.3
738,-3.18,-20.01,-3.18,5103.80,1344.85,19,1,15,215,20,14,694627,1.1
739,19.85,20.01,19.85,5103.80,1344.85,19,1,15,215,20,14,694747,1.1
740,1.69,-1.73,1.69,5103.80,1344.85,19,1,15,21,52,3,694900,1.1
741,7.73,-14.44,7.73,5103.80,1344.85,19,1,15,21,52,3,695109,1.2
742,-2.43,-9.02,-2.43,5103.80,1344.85,19,1,15,21,52,3,695235,1.2
743,6.51,-3.77,6.51,5103.80,1344.85,19,1,15,21,52,3,695349,1.2
744,-6.59,-2.75,-6.59,5103.80,1344.85,19,1,15,21,52,3,696600,1.3
745,-1.65,-4.47,-1.65,5103.80,1344.86,19,1,15,21,52,4,696896,1.3
746,-20.01,2.20,-20.01,5103.80,1344.86,19,1,15,21,52,4,697018,1.3
747,-5.30,-16.95,-5.30,5103.80,1344.86,19,1,15,21,52,4,697164,1.1
748,-2.75,-17.02,-2.75,5103.80,1344.86,19,1,15,21,52,4,697312,1.3
749,0.71,-7.85,0.71,5103.80,1344.86,19,1,15,21,52,4,697480,1.2
750,-9.10,-5.88,-9.10,5103.80,1344.86,19,1,15,21,52,4,697569,3
751,-10.12,9.77,-10.12,5103.80,1344.86,19,1,15,21,52,4,697733,1.1
752,1.10,-5.37,1.10,5103.80,1344.86,19,1,15,21,52,4,698090,1.1
753,-1.45,-13.53,-1.45,5103.80,1344.86,19,1,15,21,52,4,698203,1.2
754,-1.41,2.35,-1.41,5103.80,1344.86,19,1,15,21,52,4,698545,1.3
755,-9.06,19.69,-9.06,5103.80,1344.86,19,1,15,21,52,4,698659,1.2
756,5.92,-1.02,5.92,5103.80,1344.87,19,1,15,21,52,7,699174,1.3
757,-5.18,-7.06,-5.18,5103.80,1344.87,19,1,15,21,52,7,699286,1.2
758,-13.85,-15.10,-13.85,5103.80,1344.87,19,1,15,21,52,7,699599,1.2
759,-0.43,-8.67,-0.43,5103.80,1344.87,19,1,15,21,52,7,699754,1.3
760,2.51,-4.12,2.51,5103.80,1344.87,19,1,15,21,52,7,700009,1.2
761,0.16,-1.92,0.16,5103.80,1344.87,19,1,15,21,52,7,700225,1.2
762,-4.47,-6.16,-4.47,5103.80,1344.87,19,1,15,21,52,7,700358,1.1
763,-3.14,1.49,-3.14,5103.80,1344.87,19,1,15,21,52,7,700726,1.2
764,-8.83,-3.49,-8.83,5103.80,1344.87,19,1,15,21,52,8,701180,1.3
765,-11.18,-18.75,-11.18,5103.80,1344.87,19,1,15,21,52,8,701802,1.1
766,-8.39,-0.35,-8.39,5103.80,1344.87,19,1,15,21,52,8,702218,1.1
767,-20.01,10.04,-20.01,5103.80,1344.87,19,1,15,21,52,8,702340,1.3
768,1.41,-2.79,1.41,5103.80,1344.87,19,1,15,21,52,8,702562,3
769,-2.16,-1.22,-2.16,5103.80,1344.87,19,1,15,21,52,8,702690,1.2
770,-15.77,-15.49,-15.77,5103.80,1344.87,19,1,15,21,52,8,702809,1.2
771,-20.01,7.81,-20.01,5103.80,1344.88,19,1,15,21,52,11,703010,1.2
772,-2.94,-8.59,-2.94,5103.80,1344.88,19,1,15,21,52,11,703209,1.1
773,3.92,-2.82,3.92,5103.80,1344.88,19,1,15,21,52,11,703787,1.1
774,1.33,-13.61,1.33,5103.80,1344.88,19,1,15,21,52,11,704070,1.2
775,-0.94,-2.67,-0.94,5103.80,1344.88,19,1,15,21,52,11,704720,1.3
776,-1.14,-4.12,-1.14,5103.80,1344.88,19,1,15,21,52,12,705396,1.1
777,5.65,11.73,5.65,5103.80,1344.88,19,1,15,21,52,12,705683,1.2
778,-7.49,-2.00,-7.49,5103.80,1344.88,19,1,15,21,52,12,706074,1.1
779,19.42,20.01,19.42,5103.80,1344.88,19,1,15,21,52,12,706286,1.3
780,-5.30,2.67,-5.30,5103.80,1344.88,19,1,15,21,52,12,706402,1.3
781,1.88,5.73,1.88,5103.80,1344.88,19,1,15,21,52,12,706869,1.3
782,5.10,19.53,5.10,5103.80,0.00,0,0,0,21,52,15,707408,1.2
783,-6.75,-10.04,-6.75,5103.80,0.00,0,0,0,21,52,15,707564,3
784,-1.84,-0.71,-1.84,5103.80,0.00,0,0,0,21,52,15,707975,1.2
785,-2.63,0.67,-2.63,5103.80,0.00,0,0,0,21,52,15,708137,1.2
786,1.02,1.26,1.02,5103.80,0.00,0,0,0,21,52,15,708430,1.3
787,-2.90,0.63,-2.90,5103.80,0.00,0,0,0,21,52,15,708536,1.1
788,10.47,-2.43,10.47,5103.80,0.00,0,0,0,21,52,15,708756,1.1
789,-5.06,-7.77,-5.06,5103.80,1344.90,19,1,15,21,52,16,709113,1.3
790,0.24,-1.88,0.24,5103.80,1344.90,19,1,15,21,52,16,709307,1.2
791,1.88,-4.86,1.88,5103.80,1344.90,19,1,15,21,52,16,709570,1.2
792,2.08,-9.10,2.08,5103.80,1344.90,19,1,15,21,52,16,709690,1.2
793,-3.26,-8.08,-3.26,5103.80,1344.90,19,1,15,21,52,16,709804,1.3
794,-18.16,14.83,-18.16,5103.80,1344.90,19,1,15,21,52,16,710237,1.2
795,1.92,0.00,1.92,5103.80,1344.90,19,1,15,21,52,16,710366,1.3
796,-5.06,-8.90,-5.06,5103.80,1344.90,19,1,15,21,52,16,710831,1.1
797,2.43,-4.67,2.43,5103.80,1344.90,19,1,15,21,52,19,711667,1.1
798,-4.67,13.81,-4.67,5103.80,1344.90,19,1,15,21,52,19,712124,1.2
799,-11.85,-19.42,-11.85,5103.80,1344.90,19,1,15,21,52,19,712491,1.1
800,11.41,7.65,11.41,5103.80,1344.90,19,1,15,21,52,19,712590,3
801,-4.28,-4.51,-4.28,5103.80,1344.91,19,1,15,21,52,23,715682,1.3
802,-6.67,-3.73,-6.67,5103.80,1344.91,19,1,15,21,52,23,715908,1.2
803,-2.20,-6.94,-2.20,5103.80,1344.91,19,1,15,21,52,23,716386,1.2
804,-20.01,10.94,-20.01,5103.80,1344.91,19,1,15,21,52,24,717054,1.3
805,-2.00,-17.77,-2.00,5103.80,1344.91,19,1,15,21,52,24,717583,3
806,-5.69,-4.55,-5.69,5103.81,1344.91,19,1,15,21,52,27,719394,1.2
807,2.24,-2.98,2.24,5103.81,1344.91,19,1,15,21,52,27,719511,1.3
808,0.86,1.84,0.86,5103.81,1344.91,19,1,15,21,52,27,719716,1.3
809,9.69,16.59,9.69,5103.81,1344.91,19,1,15,21,52,27,719841,1.3
810,4.28,-2.86,4.28,5103.81,1344.91,19,1,15,21,52,27,720154,1.3
811,6.67,-11.18,6.67,5103.81,1344.91,19,1,15,21,52,27,720306,1.3
812,0.98,5.22,0.98,5103.81,1344.91,19,1,15,21,52,27,720421,1.2
813,-0.43,-0.08,-0.43,5103.81,1344.91,19,1,15,21,52,27,720776,1.3
814,-1.88,-4.63,-1.88,5103.81,1344.91,19,1,15,21,52,28,722584,3
815,2.43,18.51,2.43,5103.81,1344.92,19,1,15,21,52,31,724251,1.2
816,4.59,-3.69,4.59,5103.81,1344.92,19,1,15,21,52,31,724362,1.2
817,-0.94,1.84,-0.94,5103.81,1344.92,19,1,15,21,52,31,724513,1.2
818,-1.41,-2.35,-1.41,5103.82,1344.92,19,1,15,21,52,35,727585,3
819,-1.10,-4.04,-1.10,5103.82,1344.92,19,1,15,21,52,39,732587,3
820,-0.94,-1.92,-0.94,5103.82,1344.92,19,1,15,21,52,44,737589,3
821,-1.14,-3.37,-1.14,5103.82,1344.92,19,1,15,21,52,48,742589,3
822,-0.78,-4.12,-0.78,5103.82,1344.92,19,1,15,21,52,55,747591,3
823,-0.55,-4.31,-0.55,5103.82,1344.92,19,1,15,21,52,59,752595,3
824,7.81,-1.84,7.81,5103.82,1344.92,19,1,15,21,53,4,757594,3
825,9.10,-1.45,9.10,5103.82,1344.92,19,1,15,21,53,8,762594,3
826,8.67,-1.61,8.67,5103.82,1344.92,19,1,15,21,53,15,767596,3
827,8.75,-1.65,8.75,5103.82,1344.92,19,1,15,21,53,20,772597,3
828,8.87,-1.73,8.87,5103.82,1344.93,19,1,15,21,53,24,777598,3
829,9.14,-1.41,9.14,5103.82,1344.93,19,1,15,21,53,30,782600,3
830,8.87,-1.57,8.87,0.00,0.00,19,1,15,21,53,36,787600,3
831,8.94,-1.61,8.94,0.00,0.00,19,1,15,21,53,40,792602,3
832,8.79,-1.33,8.79,0.00,0.00,19,1,15,21,53,46,797604,3
833,8.39,-3.30,8.39,0.00,0.00,19,1,15,21,53,50,802606,3
834,-0.67,-4.51,-0.67,0.00,0.00,19,1,15,21,53,56,807606,3
835,-1.92,-4.86,-1.92,0.00,0.00,19,1,15,21,54,0,812608,3
836,-12.51,-7.18,-12.51,5103.81,1344.94,19,1,15,21,54,2,814238,1.1
837,-1.33,-4.63,-1.33,5103.82,1344.92,19,1,15,21,54,6,817609,3
838,-1.29,-4.47,-1.29,5103.82,1344.92,19,1,15,21,54,10,822610,3
839,-1.26,-4.63,-1.26,5103.82,1344.92,19,1,15,21,54,16,827612,3
840,-1.37,-4.51,-1.37,5103.82,1344.91,19,1,15,21,54,20,832613,3
841,-1.41,-4.51,-1.41,5103.82,1344.91,19,1,15,21,54,26,837605,3
842,-1.45,-4.55,-1.45,5103.82,1344.91,19,1,15,21,54,30,842617,3
843,-1.53,-3.26,-1.53,5103.83,1344.91,19,1,15,21,54,36,847620,3
844,-0.98,-4.75,-0.98,5103.83,1344.91,19,1,15,21,54,40,852621,3
845,-1.26,-4.51,-1.26,5103.83,1344.91,19,1,15,21,54,46,857622,3
846,-1.06,-3.02,-1.06,5103.82,1344.91,19,1,15,21,54,50,862623,3
847,8.32,18.51,8.32,5103.82,1344.91,19,1,15,21,54,52,863844,1.1
848,1.33,-12.75,1.33,5103.82,1344.91,19,1,15,21,54,52,863995,1.3
849,-1.53,-4.98,-1.53,5103.82,1344.91,19,1,15,21,54,56,867624,3
850,-1.26,-4.63,-1.26,5103.82,1344.91,19,1,15,21,55,0,872626,3
851,-1.22,-4.59,-1.22,5103.82,1344.91,19,1,15,21,55,6,877627,3
852,-1.33,-4.63,-1.33,5103.82,1344.91,19,1,15,21,55,10,882628,3
853,-1.14,-4.63,-1.14,5103.83,1344.91,19,1,15,21,55,16,887629,3
854,-1.18,-4.63,-1.18,5103.83,1344.91,19,1,15,21,55,20,892631,3
855,-1.26,-4.67,-1.26,5103.84,1344.91,19,1,15,21,55,26,897632,3
856,-1.26,-4.63,-1.26,5103.84,1344.91,19,1,15,21,55,30,902632,3
857,-1.33,-4.59,-1.33,5103.84,1344.91,19,1,15,21,55,36,907633,3
858,-1.29,-4.59,-1.29,5103.84,1344.91,19,1,15,21,55,40,912634,3
859,-1.29,-4.59,-1.29,5103.84,1344.91,19,1,15,21,55,46,917636,3
860,-1.29,-3.96,-1.29,5103.84,1344.91,19,1,15,21,55,50,922636,3
861,-1.14,-4.79,-1.14,5103.84,1344.92,19,1,15,21,55,56,927637,3
