1,-0.47,-4.43,-0.47,0.00,0.00,0,0,0,0,0,0,6631,7
2,-0.63,-4.71,-0.63,5103.52,1344.19,19,2,15,11,4,11,11632,7
3,-0.31,-5.26,-0.31,5103.52,1344.19,19,2,15,11,4,15,16633,7
4,-0.94,-5.02,-0.94,5103.52,1344.19,19,2,15,11,4,22,21635,7
5,-0.82,-4.90,-0.82,5103.52,1344.19,19,2,15,11,4,26,26635,7
6,-0.71,-4.82,-0.71,5103.52,1344.19,19,2,15,11,4,32,31637,7
7,-0.82,-4.90,-0.82,5103.52,1344.19,19,2,15,11,4,36,36637,7
8,-0.75,-4.86,-0.75,5103.52,1344.19,19,2,15,11,4,42,41639,7
9,-0.86,-4.94,-0.86,5103.52,1344.19,19,2,15,11,4,46,46639,7
10,-0.47,-5.45,-0.47,5103.52,1344.19,19,2,15,11,4,50,49779,3
11,-0.47,-9.69,-0.47,5103.52,1344.19,19,2,15,11,4,50,49838,3
12,-0.47,-3.37,-0.47,5103.52,1344.19,19,2,15,11,4,52,51640,7
13,-0.90,-4.94,-0.90,5103.52,1344.19,19,2,15,11,4,56,56642,7
14,-0.82,-0.90,-0.82,5103.51,1344.20,19,2,15,11,5,2,61643,7
15,-1.02,-7.73,-1.02,5103.51,1344.20,19,2,15,11,5,6,66644,7
16,0.24,-4.39,0.24,5103.50,1344.21,19,2,15,11,5,12,71645,7
17,0.08,-5.73,0.08,5103.49,1344.22,19,2,15,11,5,16,76646,7
18,1.33,-4.24,1.33,5103.48,1344.24,19,2,15,11,5,22,81647,7
19,-0.98,-2.12,-0.98,5103.47,1344.24,19,2,15,11,5,24,83712,3
20,0.31,-5.06,0.31,5103.47,1344.25,19,2,15,11,5,26,86648,7
21,0.71,-0.31,0.71,5103.46,1344.26,19,2,15,11,5,32,91649,7
22,-1.53,-1.73,-1.53,5103.45,1344.27,19,2,15,11,5,36,96651,7
23,-0.67,0.78,-0.67,5103.44,1344.29,19,2,15,11,5,42,101653,7
24,-0.55,-2.71,-0.55,5103.44,1344.29,19,2,15,11,5,42,102519,3
25,-1.29,1.37,-1.29,5103.43,1344.30,19,2,15,11,5,46,106655,7
26,1.49,3.26,1.49,5103.42,1344.33,19,2,15,11,5,52,111657,7
27,-1.61,-1.77,-1.61,5103.41,1344.34,19,2,15,11,5,56,116657,7
28,-1.06,-2.16,-1.06,5103.40,1344.37,19,2,15,11,6,2,121658,7
29,-0.08,-0.90,-0.08,5103.40,1344.38,19,2,15,11,6,6,126659,7
30,-0.43,-7.57,-0.43,5103.39,1344.41,19,2,15,11,6,12,131661,7
31,1.45,4.31,1.45,5103.39,1344.43,19,2,15,11,6,16,136663,7
32,-2.24,-2.39,-2.24,5103.38,1344.46,19,2,15,11,6,22,141663,7
33,-0.04,-1.22,-0.04,5103.38,1344.48,19,2,15,11,6,26,146178,3
34,-0.51,2.24,-0.51,5103.38,1344.48,19,2,15,11,6,26,146664,7
35,1.73,-4.47,1.73,5103.37,1344.51,19,2,15,11,6,32,151665,7
36,-2.00,-7.41,-2.00,5103.37,1344.51,19,2,15,11,6,32,151831,3
37,-3.33,6.39,-3.33,5103.37,1344.52,19,2,15,11,6,36,156666,7
38,-2.67,-1.45,-2.67,5103.36,1344.55,19,2,15,11,6,42,161667,7
39,-0.75,-7.45,-0.75,5103.36,1344.57,19,2,15,11,6,46,166668,7
40,-0.63,-6.08,-0.63,5103.36,1344.60,19,2,15,11,6,52,171669,7
41,-0.90,-7.85,-0.90,5103.35,1344.62,19,2,15,11,6,56,176671,7
42,-1.14,-6.59,-1.14,5103.35,1344.65,19,2,15,11,7,2,181672,7
43,0.12,-4.90,0.12,5103.35,1344.65,19,2,15,11,7,2,182449,3
44,1.92,15.85,1.92,5103.35,1344.66,19,2,15,11,7,6,186673,7
45,0.00,-3.45,0.00,5103.35,1344.69,19,2,15,11,7,12,191675,7
46,-2.04,-3.45,-2.04,5103.35,1344.71,19,2,15,11,7,16,196675,7
47,-1.06,-6.04,-1.06,5103.35,1344.74,19,2,15,11,7,22,201677,7
48,0.59,-4.16,0.59,5103.35,1344.76,19,2,15,11,7,26,205707,3
49,1.84,-6.94,1.84,5103.35,1344.76,19,2,15,11,7,26,206679,7
50,-0.04,-4.59,-0.04,5103.35,1344.78,19,2,15,11,7,30,209316,3
51,0.16,-0.75,0.16,5103.35,1344.79,19,2,15,11,7,32,211680,7
52,-0.90,-7.61,-0.90,5103.36,1344.81,19,2,15,11,7,36,216682,7
53,-0.51,-5.14,-0.51,5103.36,1344.84,19,2,15,11,7,42,221682,7
54,-1.29,-6.63,-1.29,5103.36,1344.85,19,2,15,11,7,46,226683,7
55,0.35,-2.51,0.35,5103.37,1344.88,19,2,15,11,7,52,231684,7
56,-2.63,-0.31,-2.63,5103.37,1344.89,19,2,15,11,7,54,234087,3
57,-0.94,-1.69,-0.94,5103.37,1344.90,19,2,15,11,7,56,236686,7
58,-1.77,-2.79,-1.77,5103.38,1344.93,19,2,15,11,8,2,241686,7
59,-1.92,-3.69,-1.92,5103.38,1344.94,19,2,15,11,8,6,246687,7
60,-1.10,-4.82,-1.10,5103.39,1344.97,19,2,15,11,8,12,251688,7
61,1.26,-4.35,1.26,5103.39,1344.97,19,2,15,11,8,12,251835,3
62,0.16,-5.37,0.16,5103.40,1344.99,19,2,15,11,8,16,256689,7
63,-1.65,-2.98,-1.65,5103.40,1345.01,19,2,15,11,8,22,261691,7
64,-1.18,-6.04,-1.18,5103.41,1345.03,19,2,15,11,8,26,266470,3
65,-1.61,-3.18,-1.61,5103.41,1345.03,19,2,15,11,8,26,266691,7
66,-0.90,-0.94,-0.90,5103.42,1345.05,19,2,15,11,8,32,271693,7
67,-0.24,-7.41,-0.24,5103.43,1345.07,19,2,15,11,8,36,276695,7
68,0.20,-6.51,0.20,5103.43,1345.10,19,2,15,11,8,42,281696,7
69,1.22,-4.94,1.22,5103.44,1345.11,19,2,15,11,8,46,286698,7
70,-1.14,0.94,-1.14,5103.45,1345.13,19,2,15,11,8,52,291698,7
71,-4.59,-5.30,-4.59,5103.46,1345.14,19,2,15,11,8,56,296700,7
72,2.98,-11.30,2.98,5103.47,1345.15,19,2,15,11,8,58,297418,3
73,2.47,1.10,2.47,5103.47,1345.15,19,2,15,11,9,0,299038,3
74,-5.30,1.14,-5.30,5103.47,1345.15,19,2,15,11,9,0,300829,3
75,-1.37,-4.75,-1.37,5103.47,1345.16,19,2,15,11,9,2,301700,7
76,1.26,-5.06,1.26,5103.48,1345.16,19,2,15,11,9,4,304423,3
77,-2.75,1.96,-2.75,5103.48,1345.16,19,2,15,11,9,6,306701,7
78,-0.98,-3.80,-0.98,5103.48,1345.17,19,2,15,11,9,8,307704,3
79,-0.71,-3.96,-0.71,5103.49,1345.17,19,2,15,11,9,12,311703,7
80,-1.02,4.31,-1.02,5103.50,1345.16,19,2,15,11,9,16,315206,3
81,6.59,0.00,6.59,5103.50,1345.16,19,2,15,11,9,16,316240,3
82,1.45,-3.49,1.45,5103.50,1345.16,19,2,15,11,9,16,316705,7
83,-13.93,-16.08,-13.93,5103.50,1345.16,19,2,15,11,9,18,317422,3
84,0.31,0.00,0.31,5103.51,1345.16,19,2,15,11,9,22,321705,7
85,0.71,-2.39,0.71,5103.51,1345.16,19,2,15,11,9,26,326707,7
86,-0.63,-4.90,-0.63,5103.51,1345.16,19,2,15,11,9,32,331708,7
87,0.43,13.10,0.43,5103.51,1345.16,19,2,15,11,9,32,332296,3
88,0.04,-6.39,0.04,5103.51,1345.16,19,2,15,11,9,36,336709,7
89,0.98,-5.41,0.98,5103.51,1345.16,19,2,15,11,9,42,341710,7
90,-1.37,-3.22,-1.37,5103.51,1345.15,19,2,15,11,9,46,346711,7
91,2.00,0.59,2.00,5103.51,1345.15,19,2,15,11,9,52,351713,7
92,1.65,-2.43,1.65,5103.52,1345.15,19,2,15,11,9,56,356714,7
93,0.55,-2.16,0.55,5103.52,1345.15,19,2,15,11,10,2,361716,7
94,-0.51,-6.35,-0.51,5103.53,1345.15,19,2,15,11,10,6,366717,7
95,-1.37,-2.94,-1.37,5103.54,1345.14,19,2,15,11,10,12,371718,7
96,-1.22,-4.55,-1.22,5103.54,1345.13,19,2,15,11,10,16,376719,7
97,0.39,-4.47,0.39,5103.56,1345.12,19,2,15,11,10,22,381720,7
98,-5.92,-1.80,-5.92,5103.57,1345.11,19,2,15,11,10,26,385183,3
99,1.14,-6.83,1.14,5103.57,1345.11,19,2,15,11,10,26,386722,7
100,-0.24,-0.67,-0.24,5103.58,1345.10,19,2,15,11,10,31,390218,3
101,-0.08,1.33,-0.08,5103.59,1345.09,19,2,15,11,10,32,391724,7
102,0.59,-5.61,0.59,5103.59,1345.09,19,2,15,11,10,32,392560,3
103,-3.41,-8.87,-3.41,5103.60,1345.09,19,2,15,11,10,36,394951,3
104,-2.24,-5.37,-2.24,5103.60,1345.09,19,2,15,11,10,36,396212,3
105,-3.65,-6.98,-3.65,5103.60,1345.09,19,2,15,11,10,36,396446,3
106,1.77,-10.94,1.77,5103.60,1345.09,19,2,15,11,10,36,396726,7
107,1.22,-5.10,1.22,5103.60,1345.08,19,2,15,11,10,38,398348,3
108,1.22,-4.86,1.22,5103.62,1345.07,19,2,15,11,10,43,401726,7
109,-0.90,-2.90,-0.90,5103.63,1345.06,19,2,15,11,10,47,406727,7
110,-1.49,-5.22,-1.49,5103.65,1345.04,19,2,15,11,10,52,411728,7
111,0.43,-6.43,0.43,5103.66,1345.03,19,2,15,11,10,56,416730,7
112,-2.00,-4.31,-2.00,5103.67,1345.02,19,2,15,11,11,1,419165,3
113,-2.04,-1.92,-2.04,5103.68,1345.02,19,2,15,11,11,3,421730,7
114,-3.73,-3.30,-3.73,5103.68,1345.02,19,2,15,11,11,3,422713,3
115,-0.24,-5.26,-0.24,5103.68,1345.01,19,2,15,11,11,5,424941,3
116,-1.41,-4.35,-1.41,5103.69,1345.01,19,2,15,11,11,6,425286,3
117,-1.53,-5.41,-1.53,5103.69,1345.01,19,2,15,11,11,6,426731,7
118,-1.18,-3.92,-1.18,5103.71,1344.99,19,2,15,11,11,13,431733,7
119,0.90,-3.41,0.90,5103.71,1344.99,19,2,15,11,11,13,431794,3
120,-3.65,-5.84,-3.65,5103.72,1344.98,19,2,15,11,11,17,436733,7
121,0.08,-2.90,0.08,5103.73,1344.97,19,2,15,11,11,23,441735,7
122,0.43,-6.04,0.43,5103.74,1344.96,19,2,15,11,11,27,446735,7
123,-2.55,-6.16,-2.55,5103.76,1344.94,19,2,15,11,11,33,451407,3
124,0.27,-4.43,0.27,5103.76,1344.94,19,2,15,11,11,33,451737,7
125,2.12,-4.16,2.12,5103.76,1344.94,19,2,15,11,11,35,454010,3
126,2.00,-7.02,2.00,5103.77,1344.94,19,2,15,11,11,37,456739,7
127,-0.31,-8.04,-0.31,5103.79,1344.93,19,2,15,11,11,43,461740,7
128,-2.59,1.73,-2.59,5103.79,1344.92,19,2,15,11,11,47,466742,7
129,-0.47,-1.84,-0.47,5103.80,1344.92,19,2,15,11,11,53,471743,7
130,-0.16,-1.53,-0.16,5103.80,1344.92,19,2,15,11,11,57,476745,7
131,-0.12,-1.49,-0.12,5103.80,1344.92,19,2,15,11,12,3,481745,7
132,2.20,-4.98,2.20,5103.80,1344.92,19,2,15,11,12,7,486746,7
133,-1.69,-2.28,-1.69,5103.80,1344.92,19,2,15,11,12,13,491747,7
134,1.73,-4.71,1.73,5103.81,1344.92,19,2,15,11,12,17,496749,7
135,3.02,4.20,3.02,5103.81,1344.92,19,2,15,11,12,21,499448,3
136,-1.26,-4.94,-1.26,5103.82,1344.92,19,2,15,11,12,23,501751,7
137,-0.31,-5.10,-0.31,5103.82,1344.92,19,2,15,11,12,27,506752,7
138,-0.35,-4.82,-0.35,5103.82,1344.92,19,2,15,11,12,33,511752,7
139,-0.24,-3.45,-0.24,5103.82,1344.92,19,2,15,11,12,37,516753,7
140,-0.86,-3.84,-0.86,5103.82,1344.92,19,2,15,11,12,43,521755,7
141,-0.47,-5.92,-0.47,5103.82,1344.92,19,2,15,11,12,47,526755,7
142,-0.35,-3.61,-0.35,5103.82,1344.92,19,2,15,11,12,53,531756,7
143,7.73,-3.14,7.73,5103.82,1344.92,19,2,15,11,12,57,536758,7
144,8.55,-2.67,8.55,5103.82,1344.92,19,2,15,11,13,3,541758,7
145,9.18,-2.82,9.18,5103.82,1344.92,19,2,15,11,13,7,546759,7
146,8.87,-2.59,8.87,5103.82,1344.92,19,2,15,11,13,13,551761,7
147,8.63,-2.55,8.63,5103.82,1344.92,19,2,15,11,13,17,556762,7
148,8.59,-2.75,8.59,5103.82,1344.93,19,2,15,11,13,23,561764,7
149,8.55,-2.67,8.55,5103.82,1344.94,19,2,15,11,13,27,566765,7
150,8.39,-2.75,8.39,5103.82,1344.94,19,2,15,11,13,33,571766,7
151,8.71,-2.28,8.71,5103.82,1344.94,19,2,15,11,13,37,576769,7
152,8.67,-2.79,8.67,5103.82,1344.95,19,2,15,11,13,43,581771,7
153,0.67,-5.73,0.67,5103.81,1344.96,19,2,15,11,13,47,586771,7
154,-0.67,-4.20,-0.67,5103.80,1344.95,19,2,15,11,13,53,591772,7
155,-0.67,-3.06,-0.67,5103.81,1344.95,19,2,15,11,13,57,596774,7
156,-0.51,-3.92,-0.51,5103.81,1344.94,19,2,15,11,14,3,601774,7
157,-1.06,-4.98,-1.06,5103.81,1344.94,19,2,15,11,14,7,606776,7
158,-0.08,-3.49,-0.08,5103.82,1344.92,19,2,15,11,14,13,611777,7
159,-0.16,-1.49,-0.16,5103.82,1344.91,19,2,15,11,14,17,616779,7
160,-0.24,-4.94,-0.24,5103.82,1344.90,19,2,15,11,14,23,621780,7
161,-1.57,-3.18,-1.57,5103.82,1344.90,19,2,15,11,14,27,626076,3
162,-2.08,-2.79,-2.08,5103.82,1344.90,19,2,15,11,14,27,626139,3
163,-0.51,-4.20,-0.51,5103.82,1344.90,19,2,15,11,14,27,626781,7
164,-0.78,-4.47,-0.78,5103.82,1344.90,19,2,15,11,14,33,631782,7
165,-0.75,-4.43,-0.75,5103.82,1344.90,19,2,15,11,14,37,636783,7
166,-0.78,-4.55,-0.78,5103.82,1344.90,19,2,15,11,14,43,641784,7
167,-0.71,-4.47,-0.71,5103.82,1344.90,19,2,15,11,14,47,646786,7
168,-0.67,-4.55,-0.67,5103.82,1344.89,19,2,15,11,14,53,651787,7
169,-0.71,-4.51,-0.71,5103.82,1344.89,19,2,15,11,14,57,656789,7
170,-0.71,-4.51,-0.71,5103.82,1344.89,19,2,15,11,15,3,661791,7
171,-0.71,-4.47,-0.71,5103.82,1344.89,19,2,15,11,15,7,666791,7
172,-0.82,-4.51,-0.82,5103.82,1344.89,19,2,15,11,15,13,671793,7
173,-0.75,-4.51,-0.75,5103.82,1344.89,19,2,15,11,15,17,676794,7
174,-0.67,-4.47,-0.67,5103.82,1344.89,19,2,15,11,15,23,681796,7
175,-0.51,-4.43,-0.51,5103.82,1344.89,19,2,15,11,15,27,686796,7
176,-0.67,-4.47,-0.67,5103.82,1344.89,19,2,15,11,15,33,691798,7
177,-0.67,-4.51,-0.67,5103.82,1344.89,19,2,15,11,15,37,696799,7
178,-0.90,-3.49,-0.90,5103.82,1344.89,19,2,15,11,15,43,701801,7
