1,-0.59,-3.65,-0.59,0.00,0.00,0,0,0,0,0,0,6639,7
2,0.82,-2.86,0.82,5102.02,1344.55,20,2,15,13,51,20,11641,7
3,-0.39,-3.02,-0.39,5102.02,1344.55,20,2,15,13,51,24,16642,7
4,-0.31,-3.14,-0.31,5102.02,1344.55,20,2,15,13,51,31,21643,7
5,20.01,20.01,20.01,5102.02,1344.54,20,2,15,13,51,35,25132,2
6,0.35,-3.41,0.35,5102.02,1344.54,20,2,15,13,51,35,26644,7
7,2.08,-3.49,2.08,5102.03,1344.55,20,2,15,13,51,42,31645,7
8,-2.31,0.90,-2.31,5102.03,1344.55,20,2,15,13,51,42,32044,3
9,-1.14,-1.73,-1.14,5102.03,1344.55,20,2,15,13,51,42,32121,3
10,-1.33,1.29,-1.33,5102.03,1344.55,20,2,15,13,51,43,34166,3
11,-0.04,-1.84,-0.04,5102.03,1344.55,20,2,15,13,51,43,34424,3
12,-2.16,1.18,-2.16,5102.03,1344.54,20,2,15,13,51,44,36647,7
13,3.96,13.57,3.96,5102.03,1344.54,20,2,15,13,51,47,37099,3
14,-0.39,-11.77,-0.39,5102.03,1344.54,20,2,15,13,51,47,37915,3
15,-3.69,-6.08,-3.69,5102.03,1344.54,20,2,15,13,51,47,38170,3
16,-1.41,5.57,-1.41,5102.03,1344.54,20,2,15,13,51,47,38454,3
17,-3.88,-5.18,-3.88,5102.03,1344.54,20,2,15,13,51,47,38681,3
18,3.92,10.90,3.92,5102.03,1344.54,20,2,15,13,51,48,39113,2
19,-0.47,2.16,-0.47,5102.03,1344.54,20,2,15,13,51,48,39267,3
20,-4.71,-9.57,-4.71,5102.03,1344.54,20,2,15,13,51,48,39479,3
21,-5.06,-8.36,-5.06,5102.03,1344.54,20,2,15,13,51,48,39995,3
22,-2.90,2.20,-2.90,5102.03,1344.54,20,2,15,13,51,48,40125,3
23,-7.30,7.57,-7.30,5102.04,1344.53,20,2,15,13,51,52,41384,3
24,1.10,-1.88,1.10,5102.04,1344.53,20,2,15,13,51,52,41641,2
25,1.10,-1.88,1.10,5102.04,1344.53,20,2,15,13,51,52,41659,7
26,-9.06,20.01,-9.06,5102.04,1344.53,20,2,15,13,51,52,41781,2
27,-14.79,6.94,-14.79,5102.04,1344.53,20,2,15,13,51,52,42444,2
28,11.81,2.98,11.81,5102.04,1344.53,20,2,15,13,51,52,42621,3
29,2.51,19.22,2.51,5102.04,1344.53,20,2,15,13,51,52,42729,2
30,5.06,-6.16,5.06,5102.04,1344.53,20,2,15,135,15,32,42930,2
31,20.01,-20.01,20.01,5102.04,1344.53,20,2,15,135,15,32,42996,3
32,0.51,-7.06,0.51,5102.04,1344.53,20,2,15,135,15,32,43071,2
33,-4.35,-8.12,-4.35,5102.04,1344.53,20,2,15,135,15,32,43222,1
34,-4.43,0.04,-4.43,5102.04,1344.53,20,2,15,135,15,32,43423,3
35,-1.37,-8.39,-1.37,5102.04,1344.53,20,2,15,135,15,32,43996,2
36,6.39,5.77,6.39,5102.04,1344.53,20,2,15,135,15,32,44230,3
37,-1.88,3.10,-1.88,5102.04,1344.53,20,2,15,135,15,32,44300,3
38,1.57,-1.45,1.57,5102.04,1344.53,20,2,15,135,15,32,44429,3
39,19.73,20.01,19.73,5102.04,1344.53,20,2,15,135,15,32,44569,3
40,-5.73,-0.35,-5.73,5102.04,1344.52,20,2,15,13,51,56,45163,2
41,-4.98,4.35,-4.98,5102.04,1344.52,20,2,15,13,51,56,45463,2
42,-12.91,-20.01,-12.91,5102.04,1344.52,20,2,15,13,51,56,45532,3
43,1.37,3.65,1.37,5102.04,1344.52,20,2,15,13,51,56,45803,2
44,-5.81,2.63,-5.81,5102.04,1344.52,20,2,15,13,51,56,45917,3
45,-6.00,-13.89,-6.00,5102.04,1344.52,20,2,15,13,51,56,46013,3
46,-0.35,1.06,-0.35,5102.04,1344.52,20,2,15,13,51,56,46348,2
47,1.49,-18.55,1.49,5102.04,1344.52,20,2,15,13,51,56,46509,2
48,2.90,-4.71,2.90,5102.04,1344.52,20,2,15,13,51,56,46630,2
49,0.82,9.53,0.82,5102.04,1344.52,20,2,15,13,51,56,46678,7
50,19.81,19.18,19.81,5102.04,1344.52,20,2,15,13,51,56,46754,3
51,-6.16,-4.86,-6.16,25.00,0.00,20,2,15,13,51,56,46891,3
52,17.02,-18.63,17.02,25.00,0.00,20,2,15,13,51,56,46942,3
53,-4.79,-1.33,-4.79,25.00,0.00,20,2,15,13,51,56,47151,3
54,1.53,-14.87,1.53,25.00,0.00,20,2,15,13,51,56,47307,3
55,-12.32,5.30,-12.32,25.00,0.00,20,2,15,13,51,56,47355,2
56,-5.77,-18.67,-5.77,25.00,0.00,20,2,15,13,51,56,47437,3
57,-12.47,4.63,-12.47,25.00,0.00,20,2,15,13,51,56,47584,2
58,-2.90,3.61,-2.90,25.00,0.00,20,2,15,13,51,56,47769,2
59,1.02,5.69,1.02,25.00,0.00,20,2,15,13,51,56,47904,3
60,1.41,5.18,1.41,25.00,0.00,20,2,15,13,51,56,47953,3
61,-4.16,11.06,-4.16,25.00,0.00,20,2,15,13,51,56,48070,3
62,0.43,-10.36,0.43,25.00,0.00,20,2,15,13,51,56,48208,2
63,-16.28,-12.83,-16.28,25.00,0.00,20,2,15,13,51,56,48730,2
64,-14.44,-1.41,-14.44,0.00,1344.51,20,2,15,1,31,59,49026,2
65,3.06,2.55,3.06,0.00,1344.51,20,2,15,1,31,59,49150,2
66,-15.81,8.67,-15.81,0.00,1344.51,20,2,15,1,31,59,49286,2
67,-2.67,11.02,-2.67,0.00,1344.51,20,2,15,1,31,59,49395,2
68,1.73,2.75,1.73,0.00,1344.51,20,2,15,1,31,59,49464,2
69,-3.80,-5.61,-3.80,0.00,1344.51,20,2,15,1,31,59,49626,3
70,4.28,19.22,4.28,0.00,1344.51,20,2,15,1,31,59,50356,3
71,11.14,-2.16,11.14,0.00,1344.51,20,2,15,1,31,59,50427,2
72,0.75,-3.77,0.75,5102.04,1344.50,20,2,15,13,52,0,50848,3
73,-6.86,-20.01,-6.86,5102.04,1344.50,20,2,15,13,52,0,50913,2
74,20.01,20.01,20.01,5102.04,1344.50,20,2,15,13,52,0,51232,2
75,-6.94,-19.61,-6.94,5102.04,1344.50,20,2,15,13,52,0,51623,2
76,-15.38,-20.01,-15.38,5102.04,1344.50,20,2,15,13,52,0,51679,7
77,-1.69,-1.49,-1.69,5102.04,1344.50,20,2,15,13,52,0,51801,3
78,-16.44,10.51,-16.44,5102.04,1344.50,20,2,15,13,52,0,51870,1
79,-7.02,-0.67,-7.02,5102.04,1344.50,20,2,15,13,52,0,52222,2
80,-20.01,10.59,-20.01,5102.04,1344.50,20,2,15,13,52,0,52347,2
81,2.51,-6.75,2.51,5102.04,1344.50,20,2,15,13,52,0,52398,3
82,20.01,-20.01,20.01,5102.04,1344.50,20,2,15,13,52,0,52517,3
83,7.22,0.82,7.22,5102.04,1344.50,20,2,15,13,52,0,52619,3
84,-5.02,-1.57,-5.02,5102.04,1344.50,20,2,15,13,52,3,53170,2
85,-1.14,-1.33,-1.14,5102.04,1344.50,20,2,15,13,52,3,53448,3
86,-0.71,-10.59,-0.71,5102.04,1344.50,20,2,15,13,52,3,53526,3
87,-0.43,-1.57,-0.43,5102.04,1344.50,20,2,15,13,52,3,53622,3
88,-3.33,18.44,-3.33,5102.04,1344.50,20,2,15,13,52,3,53689,2
89,4.94,-1.96,4.94,5102.04,1344.50,20,2,15,13,52,3,53926,3
90,-8.00,1.45,-8.00,5102.04,1344.50,20,2,15,13,52,3,54098,2
91,-4.00,1.61,-4.00,5102.04,1344.50,20,2,15,13,52,3,54187,3
92,-1.61,-0.55,-1.61,5102.04,1344.49,20,2,15,13,52,4,55215,3
93,-13.45,-8.59,-13.45,5102.04,1344.49,20,2,15,13,52,4,55263,3
94,-20.01,-8.87,-20.01,5102.04,1344.49,20,2,15,13,52,4,55389,3
95,0.55,-18.20,0.55,5102.04,1344.49,20,2,15,13,52,4,56058,2
96,-8.90,-3.30,-8.90,5102.04,1344.49,20,2,15,13,52,4,56681,7
97,-1.80,-1.10,-1.80,5102.04,1344.49,20,2,15,13,52,7,56920,2
98,3.14,10.67,3.14,5102.04,1344.49,20,2,15,13,52,7,57260,2
99,1.26,-4.90,1.26,5102.04,1344.49,20,2,15,13,52,7,57306,2
100,-3.37,-1.92,-3.37,5102.04,1344.49,20,2,15,13,52,7,57401,2
101,-4.24,-1.37,-4.24,5102.04,1344.49,20,2,15,13,52,7,57801,3
102,17.85,-17.26,17.85,5102.04,1344.49,20,2,15,13,52,7,58311,3
103,-5.45,-5.65,-5.45,5102.04,1344.49,20,2,15,13,52,7,58568,2
104,-0.82,6.32,-0.82,5102.05,1344.48,20,2,15,13,52,11,61350,3
105,2.51,-2.31,2.51,5102.05,1344.48,20,2,15,13,52,11,61475,2
106,-14.08,-14.47,-14.08,5102.05,1344.48,20,2,15,13,52,11,61682,7
107,-5.84,0.04,-5.84,5102.05,1344.48,20,2,15,13,52,11,61962,2
108,-16.16,-5.41,-16.16,5102.05,1344.48,20,2,15,13,52,11,62231,2
109,-1.26,-4.00,-1.26,5102.05,1344.48,20,2,15,13,52,11,62307,2
110,0.98,-7.06,0.98,5102.05,1344.48,20,2,15,13,52,11,62507,2
111,1.84,-1.69,1.84,5102.05,1344.48,20,2,15,13,52,11,62807,2
112,-11.73,0.00,-11.73,5102.05,1344.47,20,2,15,13,52,12,62964,3
113,-5.84,7.77,-5.84,5102.05,1344.47,20,2,15,13,52,12,63049,3
114,1.84,6.04,1.84,5102.05,1344.47,20,2,15,13,52,12,63123,3
115,-1.18,9.65,-1.18,5102.05,1344.47,20,2,15,13,52,12,64244,2
116,0.82,1.73,0.82,5102.05,1344.47,20,2,15,13,52,12,64786,2
117,-1.61,15.81,-1.61,5102.05,1344.46,20,2,15,13,52,15,65035,3
118,-14.95,2.94,-14.95,5102.05,1344.46,20,2,15,13,52,15,65265,2
119,-9.10,-7.92,-9.10,5102.05,1344.46,20,2,15,13,52,15,65386,2
120,-0.90,-4.08,-0.90,5102.05,1344.46,20,2,15,13,52,15,66026,2
121,-5.06,-0.55,-5.06,5102.05,1344.46,20,2,15,13,52,15,66095,3
122,-2.16,-3.06,-2.16,5102.05,1344.46,20,2,15,13,52,15,66369,3
123,0.63,-10.63,0.63,5102.05,1344.46,20,2,15,13,52,15,66683,7
124,7.49,-7.69,7.49,5102.05,1344.46,20,2,15,13,52,15,66765,3
125,-10.90,-18.91,-10.90,5102.05,1344.46,20,2,15,13,52,16,66969,3
126,-2.35,1.41,-2.35,5102.05,1344.46,20,2,15,13,52,16,67072,3
127,-1.96,0.82,-1.96,5102.05,1344.46,20,2,15,13,52,16,67122,3
128,7.06,11.57,7.06,5102.05,1344.46,20,2,15,13,52,16,67218,2
129,6.59,7.73,6.59,5102.05,1344.46,20,2,15,13,52,16,67407,2
130,-7.10,9.81,-7.10,5102.05,1344.46,20,2,15,13,52,16,67532,2
131,-14.12,-20.01,-14.12,5102.05,1344.46,20,2,15,13,52,16,67585,3
132,-0.12,-4.31,-0.12,5102.05,1344.46,20,2,15,13,52,16,67715,3
133,1.96,-8.20,1.96,5102.05,1344.46,20,2,15,13,52,16,68275,3
134,-0.63,-7.81,-0.63,5102.05,1344.46,20,2,15,13,52,16,68326,3
135,-20.01,20.01,-20.01,5102.05,1344.45,20,2,15,13,52,19,68923,3
136,-7.61,-20.01,-7.61,5102.05,1344.45,20,2,15,13,52,19,69210,3
137,-0.51,-1.26,-0.51,5102.05,1344.45,20,2,15,13,52,19,69284,3
138,-0.94,0.90,-0.94,5102.05,1344.45,20,2,15,13,52,19,70092,3
139,14.87,-15.69,14.87,5102.05,1344.45,20,2,15,13,52,19,70408,3
140,-1.96,-2.79,-1.96,5102.05,1344.45,20,2,15,13,52,19,70518,2
141,3.45,-19.42,3.45,5102.05,1344.44,20,2,15,13,52,20,70951,3
142,-2.98,-0.12,-2.98,5102.05,1344.44,20,2,15,13,52,20,71506,3
143,0.35,-3.73,0.35,5102.05,1344.44,20,2,15,13,52,20,71578,3
144,-8.59,-5.14,-8.59,5102.05,1344.44,20,2,15,13,52,20,71684,7
145,-1.92,1.49,-1.92,5102.05,1344.44,20,2,15,13,52,23,73065,3
146,-10.12,11.02,-10.12,5102.05,1344.44,20,2,15,13,52,23,73147,2
147,-5.81,6.67,-5.81,5102.05,1344.44,20,2,15,13,52,23,73576,3
148,-9.65,-1.45,-9.65,5102.05,1344.44,20,2,15,13,52,23,73648,3
149,-8.90,-8.00,-8.90,5102.05,1344.44,20,2,15,13,52,23,73717,3
150,4.79,-6.00,4.79,5102.05,1344.44,20,2,15,13,52,23,73816,3
151,2.63,0.43,2.63,5102.05,1344.44,20,2,15,13,52,23,73908,3
152,-17.81,18.24,-17.81,5102.05,1344.44,20,2,15,13,52,23,74059,2
153,-3.26,10.43,-3.26,5102.05,1344.44,20,2,15,13,52,23,74420,1
154,-1.26,-6.16,-1.26,5102.06,1344.43,20,2,15,13,52,24,75067,2
155,-4.82,1.77,-4.82,5102.06,1344.43,20,2,15,13,52,24,75461,1
156,1.45,1.69,1.45,5102.06,1344.43,20,2,15,13,52,24,76685,7
157,-3.92,-6.20,-3.92,5102.06,1344.43,20,2,15,13,52,27,77943,3
158,-0.78,-1.10,-0.78,5102.06,1344.43,20,2,15,13,52,27,78426,3
159,0.78,-0.71,0.78,5102.06,1344.43,20,2,15,13,52,27,78635,3
160,-0.16,4.79,-0.16,5102.06,1344.42,20,2,15,13,52,28,80207,3
161,-2.00,17.02,-2.00,5102.06,1344.42,20,2,15,13,52,28,80384,3
162,-20.01,19.42,-20.01,5102.06,1344.42,20,2,15,13,52,28,80632,3
163,4.00,-16.55,4.00,5102.06,1344.42,20,2,15,13,52,28,80745,2
164,-15.81,-12.00,-15.81,5102.06,1344.41,20,2,15,13,52,31,80919,2
165,-5.18,-8.39,-5.18,5102.06,1344.41,20,2,15,13,52,31,81681,3
166,-5.18,-8.39,-5.18,5102.06,1344.41,20,2,15,13,52,31,81701,7
167,20.01,-8.67,20.01,5102.06,1344.41,20,2,15,13,52,31,81866,3
168,-0.71,2.75,-0.71,5102.06,1344.41,20,2,15,13,52,31,81923,2
169,-2.28,-2.35,-2.28,5102.06,1344.41,20,2,15,13,52,31,82224,2
170,-5.81,-1.96,-5.81,5102.06,1344.41,20,2,15,13,52,31,82647,1
171,8.28,11.41,8.28,5102.06,1344.41,20,2,15,13,52,32,83171,3
172,5.92,-18.20,5.92,5102.06,1344.41,20,2,15,13,52,32,83436,3
173,13.06,-1.29,13.06,5102.06,1344.41,20,2,15,13,52,32,83695,3
174,-5.37,2.24,-5.37,5102.06,1344.41,20,2,15,13,52,32,84144,2
175,-4.04,4.86,-4.04,5102.06,1344.41,20,2,15,13,52,32,84257,2
176,4.28,-5.26,4.28,5102.06,1344.41,20,2,15,13,52,32,84403,2
177,0.47,13.30,0.47,5102.06,1344.41,20,2,15,13,52,32,84474,2
178,-7.26,2.35,-7.26,5102.06,1344.41,20,2,15,13,52,32,84616,1
179,-2.35,3.18,-2.35,5102.06,1344.41,20,2,15,13,52,32,84704,1
180,6.47,-7.61,6.47,5102.06,1344.40,20,2,15,13,52,35,85045,3
181,0.82,14.20,0.82,5102.06,1344.40,20,2,15,13,52,35,85174,3
182,0.20,1.02,0.20,5102.06,1344.40,20,2,15,13,52,35,85246,3
183,-4.79,0.12,-4.79,5102.06,1344.40,20,2,15,13,52,35,85371,3
184,0.98,9.61,0.98,5102.06,1344.40,20,2,15,13,52,35,86032,2
185,20.01,-6.63,20.01,5102.06,1344.40,20,2,15,13,52,35,86123,3
186,-3.49,-18.24,-3.49,5102.06,1344.40,20,2,15,13,52,35,86407,3
187,14.55,20.01,14.55,5102.06,1344.40,20,2,15,13,52,35,86480,1
188,7.81,-18.75,7.81,5102.06,1344.40,20,2,15,13,52,35,86544,3
189,-4.08,-5.65,-4.08,5102.06,1344.40,20,2,15,13,52,35,86703,7
190,-2.86,-8.24,-2.86,5102.06,1344.40,20,2,15,13,52,35,86851,3
191,-8.55,-0.47,-8.55,5102.06,1344.40,20,2,15,13,52,36,87050,2
192,-18.12,-6.79,-18.12,5102.06,1344.40,20,2,15,13,52,36,87165,2
193,-3.18,-7.18,-3.18,5102.06,1344.40,20,2,15,13,52,36,87593,2
194,-0.98,9.06,-0.98,5102.06,1344.40,20,2,15,13,52,36,87949,3
195,1.73,-0.67,1.73,5102.06,1344.40,20,2,15,13,52,36,88000,3
196,-16.51,6.24,-16.51,5102.06,1344.40,20,2,15,13,52,36,88357,2
197,-14.75,-4.82,-14.75,5102.06,1344.40,20,2,15,13,52,36,88898,2
198,-0.63,5.77,-0.63,5102.06,1344.39,20,2,15,13,52,39,88988,3
199,1.88,6.63,1.88,5102.06,1344.39,20,2,15,13,52,39,89063,3
200,-16.36,-20.01,-16.36,5102.06,1344.39,20,2,15,13,52,39,89214,3
201,-5.22,-1.33,-5.22,5102.06,1344.39,20,2,15,13,52,39,89305,2
202,-2.55,-6.59,-2.55,5102.06,1344.39,20,2,15,13,52,39,89487,3
203,20.01,5.45,20.01,5102.06,1344.39,20,2,15,13,52,39,89728,2
204,-1.80,-2.94,-1.80,5102.06,1344.39,20,2,15,13,52,39,89946,2
205,1.69,1.10,1.69,5102.06,1344.39,20,2,15,13,52,39,90252,3
206,0.98,-14.28,0.98,5102.06,1344.39,20,2,15,13,52,39,90455,3
207,-2.12,12.87,-2.12,5102.06,1344.39,20,2,15,13,52,39,90737,3
208,-7.92,6.39,-7.92,5102.07,1344.38,20,2,15,13,52,40,90999,3
209,6.67,-0.71,6.67,5102.07,1344.38,20,2,15,13,52,40,91173,2
210,14.51,-1.02,14.51,5102.07,1344.38,20,2,15,13,52,40,91273,3
211,8.24,11.96,8.24,5102.07,1344.38,20,2,15,13,52,40,91336,3
212,-5.84,-8.43,-5.84,5102.07,1344.38,20,2,15,13,52,40,91432,3
213,-6.63,-1.41,-6.63,5102.07,1344.38,20,2,15,13,52,40,91702,3
214,-6.63,-1.41,-6.63,5102.07,1344.38,20,2,15,13,52,40,91722,7
215,-0.82,-1.80,-0.82,5102.07,1344.38,20,2,15,13,52,40,92172,3
216,5.41,-0.71,5.41,5102.07,1344.38,20,2,15,13,52,40,92347,3
217,-20.01,20.01,-20.01,5102.07,1344.38,20,2,15,13,52,40,92721,3
218,-15.38,1.96,-15.38,5102.07,1344.38,20,2,15,13,52,43,93301,2
219,-2.51,1.65,-2.51,5102.07,1344.38,20,2,15,13,52,43,93597,3
220,19.93,17.02,19.93,5102.07,1344.38,20,2,15,13,52,43,93764,2
221,-3.80,0.12,-3.80,5102.07,1344.38,20,2,15,13,52,43,93973,3
222,5.37,-5.92,5.37,5102.07,1344.38,20,2,15,13,52,43,94189,3
223,-5.18,-3.53,-5.18,5102.07,1344.38,20,2,15,13,52,43,94485,2
224,-7.73,-3.37,-7.73,5102.07,1344.38,20,2,15,13,52,43,94881,2
225,-8.36,-19.77,-8.36,5102.07,1344.37,20,2,15,13,52,44,95158,2
226,-4.12,12.63,-4.12,5102.07,1344.37,20,2,15,13,52,44,95670,3
227,-19.53,19.22,-19.53,5102.07,1344.37,20,2,15,13,52,44,95856,2
228,-16.08,-3.33,-16.08,5102.07,1344.37,20,2,15,13,52,44,96028,3
229,11.77,7.85,11.77,5102.07,1344.37,20,2,15,13,52,44,96090,2
230,1.73,0.35,1.73,5102.07,1344.37,20,2,15,13,52,44,96296,3
231,-0.16,-1.10,-0.16,5102.07,1344.37,20,2,15,13,52,44,96723,7
232,1.45,-1.61,1.45,5102.07,1344.37,20,2,15,13,52,44,96800,3
233,-19.93,11.18,-19.93,5102.07,1344.37,20,2,15,13,52,44,97001,2
234,-5.33,-2.20,-5.33,5102.07,1344.36,20,2,15,13,52,47,97339,3
235,-5.06,-3.10,-5.06,5102.07,1344.36,20,2,15,13,52,47,97927,3
236,6.35,-2.12,6.35,5102.07,1344.36,20,2,15,13,52,47,98124,1
237,2.98,-1.33,2.98,5102.07,1344.36,20,2,15,13,52,47,98469,3
238,-6.75,19.81,-6.75,5102.07,1344.36,20,2,15,13,52,47,98521,3
239,-0.24,3.45,-0.24,5102.07,1344.36,20,2,15,13,52,47,98717,3
240,-17.65,0.51,-17.65,5102.07,1344.36,20,2,15,13,52,47,98965,3
241,-1.33,15.06,-1.33,5102.07,1344.36,20,2,15,13,52,48,99086,2
242,-3.18,-1.69,-3.18,5102.07,1344.36,20,2,15,13,52,48,99474,3
243,-6.43,0.90,-6.43,5102.07,1344.36,20,2,15,13,52,48,99976,1
244,20.01,-10.43,20.01,5102.07,1344.36,20,2,15,13,52,48,100425,2
245,3.10,-8.08,3.10,5102.07,1344.36,20,2,15,13,52,48,100714,3
246,-0.67,0.04,-0.67,5102.07,1344.36,20,2,15,13,52,48,100870,2
247,-0.31,10.47,-0.31,5102.07,1344.36,20,2,15,13,52,48,100943,3
248,0.55,7.34,0.55,5102.07,1344.35,20,2,15,13,52,51,101120,3
249,-0.86,-10.67,-0.86,5102.07,1344.35,20,2,15,13,52,51,101453,2
250,-2.43,3.30,-2.43,5102.07,1344.35,20,2,15,13,52,51,101548,3
251,0.82,-0.86,0.82,5102.07,1344.35,20,2,15,13,52,51,101724,7
252,-6.90,-5.65,-6.90,5102.07,1344.35,20,2,15,13,52,51,101814,2
253,-19.42,9.89,-19.42,5102.07,1344.35,20,2,15,13,52,51,101895,2
254,-1.26,4.55,-1.26,5102.07,1344.35,20,2,15,13,52,51,102041,3
255,-14.59,-0.98,-14.59,5102.07,1344.35,20,2,15,13,52,51,102289,2
256,0.78,12.63,0.78,5102.07,1344.35,20,2,15,13,52,51,102439,2
257,-5.77,9.26,-5.77,5102.07,1344.35,20,2,15,13,52,51,102662,3
258,-9.26,3.84,-9.26,5102.07,1344.35,20,2,15,13,52,51,102713,3
259,-8.55,18.04,-8.55,5102.07,1344.35,20,2,15,13,52,51,102912,1
260,-4.67,-7.30,-4.67,5102.07,1344.35,20,2,15,13,52,51,102967,3
261,-19.57,-19.53,-19.57,5102.07,1344.35,20,2,15,13,52,52,103616,3
262,-7.26,-6.94,-7.26,5102.07,1344.35,20,2,15,13,52,52,103685,1
263,2.63,4.94,2.63,5102.07,1344.35,20,2,15,13,52,52,103844,3
264,-4.94,-2.71,-4.94,5102.07,1344.35,20,2,15,13,52,52,104186,3
265,-4.16,-0.47,-4.16,5102.07,1344.35,20,2,15,13,52,52,104697,3
266,-2.43,0.59,-2.43,5102.07,1344.35,20,2,15,13,52,52,104958,3
267,0.67,5.10,0.67,5102.08,1344.34,20,2,15,13,52,55,105739,3
268,-0.47,1.88,-0.47,5102.08,1344.34,20,2,15,13,52,55,106047,3
269,4.98,1.29,4.98,5102.08,1344.34,20,2,15,13,52,55,106246,2
270,-3.45,7.41,-3.45,5102.08,1344.34,20,2,15,13,52,55,106333,3
271,20.01,17.06,20.01,5102.08,1344.34,20,2,15,13,52,55,106589,2
272,0.90,-2.35,0.90,5102.08,1344.34,20,2,15,13,52,55,106725,7
273,4.79,-0.12,4.79,5102.08,1344.34,20,2,15,13,52,55,107046,3
274,1.26,0.47,1.26,5102.08,1344.33,20,2,15,13,52,58,107146,2
275,-4.24,-4.55,-4.24,5102.08,1344.33,20,2,15,13,52,58,107209,2
276,-10.08,2.55,-10.08,5102.08,1344.33,20,2,15,13,52,58,108024,2
277,5.10,11.57,5.10,5102.08,1344.33,20,2,15,13,52,58,108218,3
278,-2.71,-11.14,-2.71,5102.08,1344.33,20,2,15,13,52,58,108537,2
279,2.55,0.12,2.55,5102.08,1344.33,20,2,15,13,52,58,108628,2
280,-4.39,-10.40,-4.39,5102.08,1344.33,20,2,15,13,52,58,108793,3
281,-1.84,-7.26,-1.84,5102.08,1344.33,20,2,15,13,52,58,109054,2
282,-1.10,-9.18,-1.10,5102.08,1344.32,20,2,15,13,53,0,109339,2
283,2.24,-1.02,2.24,5102.08,1344.32,20,2,15,13,53,0,109554,2
284,-1.73,-11.34,-1.73,5102.08,1344.32,20,2,15,13,53,0,109675,3
285,-7.57,-19.46,-7.57,5102.08,1344.32,20,2,15,13,53,0,109902,3
286,-2.20,-4.08,-2.20,5102.08,1344.32,20,2,15,13,53,0,109993,2
287,-2.94,1.02,-2.94,5102.08,1344.32,20,2,15,13,53,0,110364,3
288,-0.08,-4.98,-0.08,5102.08,1344.32,20,2,15,13,53,0,110515,3
289,-7.88,-0.98,-7.88,5102.08,1344.32,20,2,15,13,53,0,111000,3
290,-5.53,-1.02,-5.53,5102.08,1344.32,20,2,15,13,53,2,111418,2
291,10.08,4.71,10.08,5102.08,1344.32,20,2,15,13,53,2,111727,7
292,-1.18,-5.81,-1.18,5102.08,1344.32,20,2,15,13,53,2,112293,3
293,13.69,-20.01,13.69,5102.08,1344.32,20,2,15,13,53,2,112397,3
294,-5.69,-1.96,-5.69,5102.08,1344.32,20,2,15,13,53,2,112590,1
295,-1.53,-5.96,-1.53,5102.08,1344.32,20,2,15,13,53,2,112909,3
296,-3.92,-8.20,-3.92,5102.08,1344.32,20,2,15,13,53,2,113070,2
297,6.75,-2.59,6.75,5102.08,1344.31,20,2,15,13,53,4,113162,2
298,1.10,-2.98,1.10,5102.08,1344.31,20,2,15,13,53,4,113350,2
299,-6.39,0.39,-6.39,5102.08,1344.31,20,2,15,13,53,4,113710,2
300,0.86,-6.90,0.86,5102.08,1344.31,20,2,15,13,53,4,114244,2
301,-2.12,3.84,-2.12,5102.08,1344.31,20,2,15,13,53,4,114696,3
302,-19.30,-20.01,-19.30,5102.08,1344.30,20,2,15,13,53,6,115217,3
303,7.49,1.88,7.49,5102.08,1344.30,20,2,15,13,53,6,115410,3
304,8.20,20.04,8.20,5102.08,1344.30,20,2,15,13,53,6,115462,3
305,-15.30,-17.85,-15.30,5102.08,1344.30,20,2,15,13,53,6,115551,3
306,3.61,-3.69,3.61,5102.08,1344.30,20,2,15,13,53,6,115766,3
307,2.24,-2.08,2.24,5102.08,1344.30,20,2,15,13,53,6,116303,2
308,18.32,20.01,18.32,5102.08,1344.30,20,2,15,13,53,6,116657,2
309,9.69,-17.14,9.69,5102.08,1344.30,20,2,15,13,53,6,116728,7
310,4.86,-4.75,4.86,5102.08,1344.30,20,2,15,13,53,6,116820,2
311,-7.02,3.84,-7.02,5102.08,1344.30,20,2,15,13,53,6,116914,2
312,-20.01,18.99,-20.01,5102.08,1344.30,20,2,15,13,53,6,116979,2
313,-3.69,-3.41,-3.69,5102.08,1344.30,20,2,15,13,53,7,117221,2
314,1.26,-1.06,1.26,5102.08,1344.30,20,2,15,13,53,7,117607,3
315,20.01,20.01,20.01,5102.08,1344.30,20,2,15,13,53,7,117893,2
316,13.53,20.01,13.53,5102.08,1344.30,20,2,15,13,53,7,117953,3
317,7.30,-13.49,7.30,5102.08,1344.30,20,2,15,13,53,7,118033,3
318,-7.65,18.83,-7.65,5102.08,1344.30,20,2,15,13,53,7,118287,2
319,-1.88,4.28,-1.88,5102.08,1344.30,20,2,15,13,53,7,118544,2
320,3.80,14.67,3.80,5102.08,1344.30,20,2,15,13,53,7,118601,3
321,-4.12,-3.26,-4.12,5102.08,1344.29,20,2,15,13,53,10,119158,2
322,-7.06,-12.59,-7.06,5102.08,1344.29,20,2,15,13,53,10,119372,3
323,-7.49,-17.73,-7.49,5102.08,1344.29,20,2,15,13,53,10,119881,3
324,-1.80,2.20,-1.80,5102.08,1344.29,20,2,15,13,53,10,120370,2
325,1.84,-16.36,1.84,5102.08,1344.29,20,2,15,13,53,10,120637,3
326,1.14,-0.82,1.14,5102.09,1344.29,20,2,15,13,53,12,121730,7
327,2.04,-0.31,2.04,5102.09,1344.29,20,2,15,13,53,12,122049,2
328,2.75,4.24,2.75,5102.09,1344.29,20,2,15,13,53,12,122251,3
329,-20.01,-20.01,-20.01,5102.09,1344.29,20,2,15,13,53,12,122356,2
330,-3.06,-1.02,-3.06,5102.09,1344.27,20,2,15,13,53,16,126730,7
331,4.39,-9.41,4.39,5102.09,1344.26,20,2,15,13,53,20,130075,2
332,-0.12,-11.77,-0.12,5102.09,1344.26,20,2,15,13,53,20,130392,2
333,-0.20,-8.63,-0.20,5102.09,1344.26,20,2,15,13,53,20,130587,3
334,-0.59,-4.08,-0.59,5102.09,1344.25,20,2,15,13,53,22,131731,7
335,-0.39,-1.02,-0.39,5102.09,1344.25,20,2,15,13,53,22,132188,3
336,1.06,-8.24,1.06,5102.09,1344.25,20,2,15,13,53,24,134545,3
337,-1.45,-2.28,-1.45,5102.09,1344.25,20,2,15,13,53,24,134738,2
338,3.84,-1.14,3.84,5102.09,1344.24,20,2,15,13,53,26,135444,2
339,-2.16,-11.22,-2.16,5102.09,1344.24,20,2,15,13,53,26,135600,3
340,0.12,-2.90,0.12,5102.09,1344.24,20,2,15,13,53,26,136732,7
341,-0.31,-3.37,-0.31,5102.10,1344.24,20,2,15,13,53,28,137535,3
342,-0.94,-0.98,-0.94,5102.10,1344.24,20,2,15,13,53,28,137586,3
343,-1.53,2.75,-1.53,5102.10,1344.24,20,2,15,13,53,28,138498,3
344,-1.88,-7.14,-1.88,5102.10,1344.24,20,2,15,13,53,28,138720,3
345,-4.67,-7.69,-4.67,5102.10,1344.24,20,2,15,13,53,28,139006,3
346,-4.98,0.51,-4.98,5102.10,1344.23,20,2,15,13,53,30,139906,2
347,0.59,-1.06,0.59,5102.10,1344.23,20,2,15,13,53,30,140023,2
348,-0.75,0.67,-0.75,5102.10,1344.23,20,2,15,13,53,30,140110,3
349,-2.59,3.26,-2.59,5102.10,1344.23,20,2,15,13,53,30,140238,2
350,-2.28,2.12,-2.28,5102.10,1344.23,20,2,15,13,53,30,140329,2
351,-19.30,4.12,-19.30,5102.10,1344.23,20,2,15,13,53,30,140389,1
352,1.14,-1.73,1.14,5102.10,1344.22,20,2,15,13,53,32,141244,1
353,-1.33,-0.90,-1.33,5102.10,1344.22,20,2,15,13,53,32,141733,7
354,3.18,0.16,3.18,5102.10,1344.22,20,2,15,13,53,34,144102,3
355,-2.98,-1.57,-2.98,5102.10,1344.22,20,2,15,13,53,34,144256,3
356,-1.22,-6.98,-1.22,5102.10,1344.21,20,2,15,13,53,36,146735,7
357,-0.39,-0.90,-0.39,5102.10,1344.20,20,2,15,13,53,38,148030,3
358,-10.47,2.71,-10.47,5102.10,1344.20,20,2,15,13,53,38,148463,1
359,-0.86,0.63,-0.86,5102.10,1344.20,20,2,15,13,53,38,148852,2
360,-3.37,4.08,-3.37,5102.10,1344.20,20,2,15,13,53,38,148924,3
361,20.01,18.75,20.01,5102.10,1344.20,20,2,15,13,53,38,149113,2
362,-8.83,3.06,-8.83,5102.10,1344.20,20,2,15,13,53,40,149664,2
363,-4.86,8.32,-4.86,5102.10,1344.20,20,2,15,13,53,40,149968,3
364,-4.39,14.08,-4.39,5102.10,1344.20,20,2,15,13,53,40,150061,1
365,-2.98,0.31,-2.98,5102.10,1344.20,20,2,15,13,53,40,150238,3
366,-3.37,-15.42,-3.37,5102.10,1344.20,20,2,15,13,53,40,150676,2
367,5.77,-15.46,5.77,5102.10,1344.20,20,2,15,13,53,40,150903,2
368,6.51,-17.06,6.51,5102.10,1344.20,20,2,15,13,53,40,151049,3
369,2.43,-1.33,2.43,5102.11,1344.19,20,2,15,13,53,42,151736,7
370,-0.12,-3.14,-0.12,5102.11,1344.19,20,2,15,13,53,42,152185,3
371,-15.10,-14.44,-15.10,5102.11,1344.19,20,2,15,13,53,42,152257,3
372,2.12,-7.88,2.12,5102.11,1344.19,20,2,15,13,53,42,152458,3
373,-1.61,-1.65,-1.61,5102.11,1344.19,20,2,15,13,53,42,153006,3
374,-5.26,-0.63,-5.26,5102.11,1344.18,20,2,15,13,53,44,153944,3
375,-2.82,5.41,-2.82,5102.11,1344.18,20,2,15,13,53,44,154072,2
376,11.06,-20.01,11.06,5102.11,1344.18,20,2,15,13,53,44,154599,2
377,-0.04,-12.71,-0.04,5102.11,1344.18,20,2,15,13,53,44,154966,3
378,-2.35,0.35,-2.35,5102.11,1344.18,20,2,15,13,53,44,155137,1
379,-10.16,-20.01,-10.16,5102.11,1344.18,20,2,15,13,53,46,155685,2
380,2.86,-16.91,2.86,5102.11,1344.18,20,2,15,13,53,46,156173,2
381,-5.92,-0.08,-5.92,5102.11,1344.18,20,2,15,13,53,46,156410,3
382,-1.96,-0.47,-1.96,5102.11,1344.18,20,2,15,13,53,46,156698,3
383,-5.10,-0.98,-5.10,5102.11,1344.18,20,2,15,13,53,46,156749,7
384,-8.51,-16.63,-8.51,5102.11,1344.18,20,2,15,13,53,46,157062,2
385,-0.90,-9.92,-0.90,5102.11,1344.18,20,2,15,13,53,46,157133,2
386,1.80,-8.00,1.80,5102.11,1344.17,20,2,15,13,53,48,157253,2
387,-3.49,2.98,-3.49,5102.11,1344.17,20,2,15,13,53,48,157308,2
388,-0.90,-2.98,-0.90,5102.11,1344.17,20,2,15,13,53,48,157506,2
389,5.65,-20.01,5.65,5102.11,1344.17,20,2,15,13,53,48,157889,2
390,3.22,-2.04,3.22,5102.11,1344.17,20,2,15,13,53,50,159533,3
391,-1.22,1.96,-1.22,5102.11,1344.17,20,2,15,13,53,50,160581,2
392,5.53,-7.53,5.53,5102.11,1344.17,20,2,15,13,53,50,160711,3
393,-5.26,-18.71,-5.26,5102.11,1344.17,20,2,15,13,53,50,160875,3
394,-0.98,-3.37,-0.98,5102.11,1344.16,20,2,15,13,53,52,161698,2
395,-0.75,5.61,-0.75,5102.11,1344.16,20,2,15,13,53,52,161751,7
396,0.94,2.71,0.94,5102.11,1344.16,20,2,15,13,53,52,161937,3
397,2.55,1.92,2.55,5102.11,1344.16,20,2,15,13,53,52,162554,3
398,-6.51,1.41,-6.51,5102.11,1344.16,20,2,15,13,53,52,162966,3
399,0.43,-0.35,0.43,5102.11,1344.15,20,2,15,13,53,54,164460,2
400,-0.16,12.98,-0.16,5102.11,1344.15,20,2,15,13,53,56,165424,3
401,7.57,9.30,7.57,5102.11,1344.15,20,2,15,13,53,56,165513,3
402,-20.01,11.38,-20.01,5102.11,1344.15,20,2,15,13,53,56,165718,2
403,0.67,-3.02,0.67,5102.11,1344.15,20,2,15,13,53,56,165951,3
404,1.29,-5.10,1.29,5102.11,1344.15,20,2,15,13,53,56,166752,7
405,2.59,4.43,2.59,5102.11,1344.15,20,2,15,13,53,56,166899,1
406,6.28,-5.02,6.28,5102.11,1344.15,20,2,15,13,53,56,166969,1
407,-0.20,-13.02,-0.20,5102.11,1344.14,20,2,15,13,53,56,167459,2
408,11.69,20.01,11.69,5102.11,1344.14,20,2,15,13,53,56,167647,3
409,-6.24,-1.41,-6.24,5102.11,1344.14,20,2,15,13,53,56,167888,1
410,-2.90,-6.71,-2.90,5102.11,1344.14,20,2,15,13,53,56,167959,3
411,-13.73,-9.53,-13.73,5102.11,1344.14,20,2,15,13,53,56,168039,3
412,-2.86,-16.99,-2.86,5102.11,1344.14,20,2,15,13,53,56,168172,3
413,-0.75,1.77,-0.75,5102.11,1344.14,20,2,15,13,53,56,168245,3
414,-17.38,0.86,-17.38,5102.11,1344.14,20,2,15,13,53,56,168335,3
415,-16.63,-3.80,-16.63,5102.11,1344.14,20,2,15,13,53,56,168404,2
416,10.79,6.00,10.79,5102.11,1344.14,20,2,15,13,53,56,168584,1
417,-1.96,9.53,-1.96,5102.11,1344.14,20,2,15,13,53,56,168916,2
418,12.47,15.02,12.47,5102.11,1344.14,20,2,15,13,53,56,169030,2
419,4.43,-15.34,4.43,5102.11,1344.14,20,2,15,13,53,56,169107,3
420,-1.29,-0.20,-1.29,5102.12,1344.13,20,2,15,13,54,0,169383,2
421,-6.63,8.08,-6.63,5102.12,1344.13,20,2,15,13,54,0,169450,1
422,6.94,-2.47,6.94,5102.12,1344.13,20,2,15,13,54,0,170207,2
423,-9.45,-19.50,-9.45,5102.12,1344.13,20,2,15,13,54,0,170458,2
424,-2.67,2.47,-2.67,5102.12,1344.13,20,2,15,13,54,0,170665,3
425,-8.79,-4.08,-8.79,5102.12,1344.13,20,2,15,13,54,0,170833,3
426,-6.08,-9.85,-6.08,5102.12,1344.13,20,2,15,13,54,0,171184,3
427,-18.83,-7.92,-18.83,5102.12,1344.13,20,2,15,13,54,2,171356,3
428,-6.32,9.34,-6.32,5102.12,1344.13,20,2,15,13,54,2,171535,3
429,9.14,-20.01,9.14,5102.12,1344.13,20,2,15,13,54,2,171597,2
430,-2.86,9.38,-2.86,5102.12,1344.13,20,2,15,13,54,2,171754,7
431,-3.84,14.83,-3.84,5102.12,1344.13,20,2,15,13,54,2,171855,2
432,-11.57,19.50,-11.57,5102.12,1344.13,20,2,15,13,54,2,172319,2
433,1.41,-3.77,1.41,5102.12,1344.13,20,2,15,13,54,2,172545,1
434,-11.69,0.75,-11.69,5102.12,1344.13,20,2,15,13,54,2,172791,3
435,-0.71,15.57,-0.71,5102.12,1344.13,20,2,15,13,54,2,172858,3
436,0.90,0.55,0.90,5102.12,1344.13,20,2,15,13,54,2,173087,3
437,4.20,12.16,4.20,5102.12,1344.12,20,2,15,13,54,4,174117,3
438,3.06,-1.41,3.06,5102.12,1344.12,20,2,15,13,54,4,174722,1
439,-18.55,-20.01,-18.55,5102.12,1344.12,20,2,15,13,54,4,175083,3
440,18.71,-20.01,18.71,5102.12,1344.11,20,2,15,13,54,6,175300,1
441,0.59,7.14,0.59,5102.12,1344.11,20,2,15,13,54,6,175448,2
442,-8.04,15.34,-8.04,5102.12,1344.11,20,2,15,13,54,6,175609,2
443,1.29,0.47,1.29,5102.12,1344.11,20,2,15,13,54,6,175667,2
444,-10.43,-14.63,-10.43,5102.12,1344.11,20,2,15,13,54,6,175818,3
445,-1.14,0.82,-1.14,5102.12,1344.11,20,2,15,13,54,6,176066,2
446,0.16,5.49,0.16,5102.12,1344.11,20,2,15,13,54,6,176296,3
447,7.96,-15.30,7.96,5102.12,1344.11,20,2,15,13,54,6,176755,7
448,-2.20,-1.41,-2.20,5102.12,1344.11,20,2,15,13,54,6,177126,2
449,-18.55,-19.10,-18.55,5102.12,1344.11,20,2,15,13,54,8,177377,3
450,3.45,-8.94,3.45,5102.12,1344.11,20,2,15,13,54,8,177689,1
451,6.12,-10.43,6.12,5102.12,1344.11,20,2,15,13,54,8,177758,2
452,-4.04,-17.26,-4.04,5102.12,1344.11,20,2,15,13,54,8,177996,3
453,-15.38,-20.01,-15.38,5102.12,1344.11,20,2,15,13,54,8,178073,3
454,-1.02,18.91,-1.02,5102.12,1344.11,20,2,15,13,54,8,178196,3
455,0.71,3.69,0.71,5102.12,1344.11,20,2,15,13,54,8,178264,2
456,-11.89,-18.67,-11.89,5102.12,1344.11,20,2,15,13,54,8,178342,3
457,-14.67,-3.14,-14.67,5102.12,1344.11,20,2,15,13,54,8,178428,2
458,16.79,4.63,16.79,5102.12,1344.11,20,2,15,13,54,8,178542,3
459,19.85,13.06,19.85,5102.12,1344.11,20,2,15,13,54,8,178647,2
460,0.27,-8.39,0.27,5102.12,1344.11,20,2,15,13,54,8,178752,2
461,-2.79,0.20,-2.79,5102.12,1344.11,20,2,15,13,54,8,179095,2
462,-1.37,1.10,-1.37,5102.12,1344.11,20,2,15,13,54,8,179173,3
463,-0.51,0.00,-0.51,5102.12,1344.10,20,2,15,13,54,10,179241,2
464,-0.67,-1.77,-0.67,5102.12,1344.10,20,2,15,13,54,10,179399,2
465,14.87,7.41,14.87,5102.12,1344.10,20,2,15,13,54,10,179464,3
466,-12.55,-2.00,-12.55,5102.12,1344.10,20,2,15,13,54,10,179559,2
467,9.92,-14.12,9.92,5102.12,1344.10,20,2,15,13,54,10,179759,3
468,-1.45,2.00,-1.45,5102.12,1344.10,20,2,15,13,54,10,179850,2
469,-5.65,4.35,-5.65,5102.12,1344.10,20,2,15,13,54,10,179938,3
470,20.01,18.75,20.01,5102.12,1344.10,20,2,15,13,54,10,179994,3
471,10.55,6.20,10.55,5102.12,1344.10,20,2,15,13,54,10,180232,3
472,-0.12,-18.48,-0.12,5102.12,1344.10,20,2,15,13,54,10,180771,2
473,-4.94,20.01,-4.94,5102.12,1344.10,20,2,15,13,54,10,180862,2
474,6.20,0.98,6.20,5102.12,1344.09,20,2,15,13,54,12,181756,7
475,-9.77,-18.16,-9.77,5102.12,1344.09,20,2,15,13,54,12,182046,2
476,2.39,3.26,2.39,5102.12,1344.09,20,2,15,13,54,12,182100,2
477,0.55,6.20,0.55,5102.12,1344.09,20,2,15,13,54,12,182398,3
478,-5.57,1.22,-5.57,5102.12,1344.09,20,2,15,13,54,12,182638,2
479,-12.79,-17.02,-12.79,5102.12,1344.09,20,2,15,13,54,12,182775,3
480,14.12,-20.01,14.12,5102.12,1344.09,20,2,15,13,54,12,182861,1
481,11.89,-10.63,11.89,5102.12,1344.09,20,2,15,13,54,12,183037,3
482,9.14,-19.18,9.14,5102.12,1344.09,20,2,15,13,54,12,183127,2
483,9.77,-12.55,9.77,5102.12,1344.09,20,2,15,13,54,12,183189,3
484,1.57,8.28,1.57,5102.13,1344.09,20,2,15,13,54,14,183266,3
485,-8.63,13.42,-8.63,5102.13,1344.09,20,2,15,13,54,14,183361,1
486,-4.63,2.08,-4.63,5102.13,1344.09,20,2,15,13,54,14,183515,3
487,-6.47,-7.06,-6.47,5102.13,1344.09,20,2,15,13,54,14,183714,3
488,-12.67,8.51,-12.67,5102.13,1344.09,20,2,15,13,54,14,183840,3
489,15.77,19.30,15.77,5102.13,1344.09,20,2,15,13,54,14,184192,1
490,3.14,-20.01,3.14,5102.13,1344.09,20,2,15,13,54,14,184261,3
491,-3.49,3.69,-3.49,5102.13,1344.09,20,2,15,13,54,14,184792,2
492,0.71,-0.98,0.71,5102.13,1344.09,20,2,15,13,54,14,185103,3
493,-14.24,-20.01,-14.24,5102.13,1344.08,20,2,15,13,54,16,185297,2
494,0.98,-6.63,0.98,5102.13,1344.08,20,2,15,13,54,16,185521,3
495,0.78,13.02,0.78,5102.13,1344.08,20,2,15,13,54,16,186384,2
496,-0.67,-14.95,-0.67,5102.13,1344.08,20,2,15,13,54,16,186440,2
497,2.00,2.35,2.00,5102.13,1344.08,20,2,15,13,54,16,186617,2
498,10.20,17.18,10.20,5102.13,1344.08,20,2,15,13,54,16,186758,7
499,-6.16,-2.59,-6.16,5102.13,1344.07,20,2,15,13,54,18,188251,3
500,-1.96,-1.80,-1.96,5102.13,1344.07,20,2,15,13,54,18,188363,3
501,-5.65,-16.28,-5.65,5102.13,1344.07,20,2,15,13,54,18,188531,3
502,20.01,-14.71,20.01,5102.13,1344.07,20,2,15,13,54,18,188831,1
503,0.16,-20.01,0.16,5102.13,1344.07,20,2,15,13,54,18,188955,2
504,-8.55,11.30,-8.55,5102.13,1344.07,20,2,15,13,54,18,189074,3
505,-8.20,14.32,-8.20,5102.13,1344.07,20,2,15,13,54,18,189223,3
506,-3.73,-14.87,-3.73,5102.13,1344.07,20,2,15,13,54,20,189479,3
507,-12.67,-3.61,-12.67,5102.13,1344.07,20,2,15,13,54,20,189656,3
508,-3.14,-1.80,-3.14,5102.13,1344.07,20,2,15,13,54,20,189717,2
509,-4.04,5.81,-4.04,5102.13,1344.07,20,2,15,13,54,20,189832,2
510,4.39,-2.16,4.39,5102.13,1344.07,20,2,15,13,54,20,189981,3
511,6.55,-12.24,6.55,5102.13,1344.07,20,2,15,13,54,20,190090,3
512,-2.79,-2.55,-2.79,5102.13,1344.07,20,2,15,13,54,20,190222,2
513,-16.12,-0.78,-16.12,5102.13,1344.07,20,2,15,13,54,20,190558,2
514,6.32,2.35,6.32,5102.13,1344.06,20,2,15,13,54,22,191456,3
515,-0.78,-2.31,-0.78,5102.13,1344.06,20,2,15,13,54,22,191517,1
516,-1.80,-4.47,-1.80,5102.13,1344.06,20,2,15,13,54,22,191758,7
517,8.59,-20.01,8.59,5102.13,1344.06,20,2,15,13,54,22,191850,3
518,3.92,-8.12,3.92,5102.13,1344.06,20,2,15,13,54,22,191953,3
519,2.16,-8.51,2.16,5102.13,1344.06,20,2,15,13,54,22,192030,3
520,-1.22,3.02,-1.22,5102.13,1344.06,20,2,15,13,54,22,192221,3
521,-13.06,15.89,-13.06,5102.13,1344.06,20,2,15,13,54,22,192474,3
522,-19.61,4.16,-19.61,5102.13,1344.06,20,2,15,13,54,22,192652,3
523,-0.43,-6.51,-0.43,5102.13,1344.06,20,2,15,13,54,22,192936,2
524,-3.96,1.53,-3.96,5102.13,1344.06,20,2,15,13,54,22,193186,3
525,-20.01,-8.59,-20.01,5102.13,1344.05,20,2,15,13,54,24,193710,2
526,-2.90,7.65,-2.90,5102.13,1344.05,20,2,15,13,54,24,193805,2
527,-10.67,-20.01,-10.67,5102.13,1344.05,20,2,15,13,54,24,193889,3
528,-3.37,17.22,-3.37,5102.13,1344.05,20,2,15,13,54,24,194039,2
529,-20.01,20.01,-20.01,5102.13,1344.05,20,2,15,13,54,24,194348,2
530,-2.94,-5.57,-2.94,5102.13,1344.05,20,2,15,13,54,24,194531,2
531,-7.41,-4.67,-7.41,5102.13,1344.05,20,2,15,13,54,24,194634,3
532,-1.53,-18.01,-1.53,5102.13,1344.05,20,2,15,13,54,24,195001,3
533,8.08,-2.79,8.08,5102.13,1344.05,20,2,15,13,54,24,195064,3
534,-8.32,6.59,-8.32,5102.13,1344.05,20,2,15,13,54,24,195169,3
535,-16.32,-20.01,-16.32,5102.13,1344.05,20,2,15,13,54,26,195773,3
536,-0.75,2.20,-0.75,5102.13,1344.05,20,2,15,13,54,26,195902,3
537,-9.69,2.16,-9.69,5102.13,1344.05,20,2,15,13,54,26,196001,3
538,-19.65,17.57,-19.65,5102.13,1344.05,20,2,15,13,54,26,196112,2
539,0.39,-6.71,0.39,5102.13,1344.05,20,2,15,13,54,26,196284,3
540,3.06,-12.91,3.06,5102.13,1344.05,20,2,15,13,54,26,196525,3
541,8.87,-2.55,8.87,5102.13,1344.05,20,2,15,13,54,26,196760,7
542,0.82,19.46,0.82,5102.13,1344.05,20,2,15,13,54,26,196838,3
543,-1.37,0.94,-1.37,5102.13,1344.05,20,2,15,13,54,26,197175,3
544,0.90,-0.98,0.90,5102.13,1344.04,20,2,15,13,54,28,197473,2
545,-1.37,-17.46,-1.37,5102.13,1344.04,20,2,15,13,54,28,197653,2
546,-8.83,14.83,-8.83,5102.13,1344.04,20,2,15,13,54,28,197760,3
547,-6.43,5.84,-6.43,5102.13,1344.04,20,2,15,13,54,28,197860,3
548,7.81,-16.59,7.81,5102.13,1344.04,20,2,15,13,54,28,197972,3
549,8.90,3.37,8.90,5102.13,1344.04,20,2,15,13,54,28,198377,3
550,0.00,-1.61,0.00,5102.14,1344.03,20,2,15,13,54,32,201761,7
551,-1.92,1.61,-1.92,5102.14,1344.03,20,2,15,13,54,34,205235,3
552,-0.90,-1.02,-0.90,5102.14,1344.03,20,2,15,13,54,36,206764,7
553,1.57,-1.73,1.57,5102.14,1344.03,20,2,15,13,54,40,210826,2
554,0.35,-1.53,0.35,5102.14,1344.03,20,2,15,13,54,42,211764,7
555,-0.51,-2.43,-0.51,5102.14,1344.03,20,2,15,13,54,46,216765,7
556,-0.63,-2.35,-0.63,5102.14,1344.03,20,2,15,13,54,52,221766,7
557,-0.59,-2.35,-0.59,5102.14,1344.03,20,2,15,13,54,56,226768,7
558,-1.06,-2.08,-1.06,5102.14,1344.03,20,2,15,13,55,2,231769,7
559,-0.86,-1.61,-0.86,5102.14,1344.03,20,2,15,13,55,6,236769,7
560,-0.51,-2.39,-0.51,5102.14,1344.03,20,2,15,13,55,12,241770,7
561,-0.78,0.90,-0.78,5102.14,1344.03,20,2,15,13,55,16,246772,7
