1,-2.08,-2.20,-2.08,0.00,0.00,0,0,0,0,0,0,6230,7
2,-2.12,-2.16,-2.12,0.00,0.00,0,0,0,0,0,39,11240,7
3,-2.16,-2.08,-2.16,0.00,0.00,0,0,0,0,0,39,16242,7
4,-2.08,-2.24,-2.08,0.00,0.00,0,0,0,0,0,0,21244,7
5,-2.20,-2.24,-2.20,0.00,0.00,0,0,0,0,0,0,26246,7
6,-2.20,-2.16,-2.20,0.00,0.00,0,0,0,0,0,0,31247,7
7,-2.08,-2.16,-2.08,0.00,0.00,0,0,0,0,0,0,36249,7
8,-2.16,-2.20,-2.16,0.00,0.00,0,0,0,0,0,0,41250,7
9,-2.08,-2.12,-2.08,0.00,0.00,0,0,0,0,0,0,46252,7
10,-2.08,-2.16,-2.08,0.00,0.00,0,0,0,0,0,0,51253,7
1,-2.04,-2.20,-2.04,0.00,0.00,0,0,0,0,0,0,6231,7
2,-2.00,-2.16,-2.00,0.00,0.00,0,0,0,0,0,0,11241,7
3,-2.08,-2.20,-2.08,0.00,0.00,0,0,0,0,0,0,16242,7
4,-2.12,-2.24,-2.12,0.00,0.00,0,0,0,0,0,0,21243,7
5,-2.00,-2.20,-2.00,0.00,0.00,0,0,0,0,0,0,26245,7
6,-2.16,-2.16,-2.16,0.00,0.00,0,0,0,0,0,0,31246,7
7,-2.04,-2.20,-2.04,0.00,0.00,0,0,0,0,1,0,36247,7
8,-2.04,-2.16,-2.04,0.00,0.00,0,0,0,0,0,0,41248,7
9,-2.04,-2.16,-2.04,0.00,0.00,0,0,0,0,0,0,46251,7
10,-2.04,-2.16,-2.04,0.00,0.00,0,0,0,28,34,56,51252,7
11,-2.12,-2.24,-2.12,0.00,0.00,0,0,0,28,34,56,56257,7
12,-2.12,-2.12,-2.12,0.00,0.00,0,0,0,28,34,56,61262,7
13,-2.12,-2.16,-2.12,0.00,0.00,0,0,0,28,34,56,66268,7
14,-2.12,-2.28,-2.12,0.00,0.00,0,0,0,0,15,71,71274,7
15,-2.00,-2.20,-2.00,0.00,0.00,0,0,0,0,0,1,76278,7
16,-2.12,-2.20,-2.12,0.00,0.00,0,0,0,0,0,1,81281,7
17,-2.00,-2.20,-2.00,0.00,0.00,0,0,0,0,0,1,86283,7
18,-2.08,-2.28,-2.08,0.00,0.00,0,0,0,0,0,0,91285,7
19,-2.00,-2.16,-2.00,0.00,0.00,0,0,0,0,0,0,96287,7
20,-2.08,-2.20,-2.08,0.00,0.00,0,0,0,0,0,0,101291,7
21,-2.00,-2.16,-2.00,0.00,0.00,0,0,0,0,0,0,106294,7
22,-2.12,-2.16,-2.12,0.00,0.00,0,0,0,0,0,0,111297,7
23,-2.12,-2.20,-2.12,0.00,0.00,0,0,0,0,0,0,116300,7
24,-2.08,-2.20,-2.08,0.00,0.00,0,0,0,0,0,0,121304,7
25,-2.16,-2.16,-2.16,0.00,0.00,0,0,0,0,0,0,126307,7
26,-2.08,-2.16,-2.08,0.00,0.00,0,0,0,0,0,0,131311,7
27,-2.16,-2.24,-2.16,0.00,0.00,0,0,0,0,0,0,136314,7
28,-2.08,-2.20,-2.08,0.00,0.00,0,0,0,0,0,0,141318,7
29,-2.12,-2.20,-2.12,0.00,0.00,0,0,0,0,0,0,146321,7
30,-2.08,-2.24,-2.08,0.00,0.00,0,0,0,0,0,0,151324,7
31,-2.04,-2.20,-2.04,0.00,0.00,0,0,0,0,0,0,156327,7
32,-2.08,-2.12,-2.08,0.00,0.00,0,0,0,0,0,0,161332,7
33,-2.12,-2.20,-2.12,0.00,0.00,0,0,0,0,0,0,166335,7
34,-2.00,-2.12,-2.00,0.00,0.00,0,0,0,0,0,0,171338,7
35,-2.12,-2.12,-2.12,0.00,0.00,0,0,0,0,0,0,176342,7
36,-2.08,-2.08,-2.08,0.00,0.00,0,0,0,0,0,0,181345,7
37,-2.08,-2.16,-2.08,0.00,0.00,0,0,0,0,0,0,186348,7
38,-2.08,-2.12,-2.08,0.00,0.00,0,0,0,0,0,0,191352,7
1,-2.08,-2.16,-2.08,0.00,0.00,0,0,0,0,0,0,6230,7
2,-2.16,-2.20,-2.16,5103.82,1344.88,26,1,15,10,4,17,11231,7
3,-2.00,-2.24,-2.00,5103.82,1344.88,26,1,15,10,4,21,16232,7
4,-2.08,-2.31,-2.08,5103.82,1344.88,26,1,15,10,4,25,19274,2
5,-1.92,-2.43,-1.92,5103.82,1344.88,26,1,15,10,4,25,19349,1
6,-2.04,-2.24,-2.04,5103.82,1344.88,26,1,15,10,4,25,19790,2
7,-2.24,-2.12,-2.24,5103.82,1344.88,26,1,15,10,4,25,20127,2
8,-2.08,-2.00,-2.08,5103.82,1344.88,26,1,15,10,4,25,20202,1
9,-1.96,-2.24,-1.96,5103.82,1344.88,26,1,15,10,4,27,21233,7
10,-2.08,-2.24,-2.08,5103.82,1344.88,26,1,15,10,4,31,26234,7
11,-2.04,-1.84,-2.04,5103.82,1344.88,26,1,15,10,4,37,31235,7
12,-1.49,-0.12,-1.49,5103.82,1344.88,26,1,15,10,4,41,36236,7
13,-1.80,-0.43,-1.80,5103.82,1344.88,26,1,15,10,4,47,41238,7
14,0.24,-1.45,0.24,5103.82,1344.88,26,1,15,10,4,47,42172,4
15,-1.49,0.04,-1.49,5103.82,1344.88,26,1,15,10,4,51,46239,7
16,-2.08,-2.24,-2.08,5103.82,1344.88,26,1,15,10,4,57,51241,7
17,-2.16,-2.20,-2.16,5103.82,1344.88,26,1,15,10,5,1,56241,7
18,-1.92,-2.24,-1.92,5103.82,1344.88,26,1,15,10,5,7,61242,7
1,-2.12,-2.28,-2.12,0.00,0.00,0,0,0,0,0,0,6228,7
2,-2.00,-2.24,-2.00,5103.82,1344.89,26,1,15,10,5,31,11230,7
3,-2.08,-2.28,-2.08,5103.82,1344.89,26,1,15,10,5,36,16231,7
4,-2.08,-2.24,-2.08,5103.82,1344.89,26,1,15,10,5,42,21232,7
5,-2.04,-2.16,-2.04,5103.82,1344.89,26,1,15,10,5,46,26234,7
6,-2.04,-2.16,-2.04,5103.82,1344.89,26,1,15,10,5,52,31235,7
7,-2.24,-2.24,-2.24,5103.82,1344.89,26,1,15,10,5,56,36236,7
8,-1.96,-2.24,-1.96,5103.82,1344.89,26,1,15,10,6,2,41237,7
9,-2.00,-2.24,-2.00,5103.82,1344.89,26,1,15,10,6,6,46238,7
10,-2.08,-2.24,-2.08,5103.82,1344.89,26,1,15,10,6,12,51240,7
11,-1.96,-2.28,-1.96,5103.82,1344.89,26,1,15,10,6,16,56241,7
12,-2.08,-2.35,-2.08,5103.82,1344.88,26,1,15,10,6,22,61242,7
1,-1.29,-4.28,-1.29,0.00,0.00,0,0,0,0,0,0,6631,7
2,-1.45,-3.92,-1.45,0.00,0.00,26,1,15,10,30,29,11632,7
3,-1.33,-3.30,-1.33,0.00,0.00,26,1,15,10,30,33,16633,7
4,-1.02,-3.77,-1.02,0.00,0.00,26,1,15,10,30,39,21635,7
5,-1.29,-3.88,-1.29,0.00,0.00,26,1,15,10,30,43,26636,7
6,-1.06,-3.69,-1.06,0.00,0.00,26,1,15,10,30,49,31638,7
7,-1.18,-3.77,-1.18,0.00,0.00,26,1,15,10,30,53,36639,7
8,-1.26,-3.73,-1.26,0.00,0.00,26,1,15,10,30,59,41640,7
9,-1.29,-3.69,-1.29,0.00,0.00,26,1,15,10,31,4,46642,7
10,-1.26,-3.73,-1.26,5103.77,1344.89,26,1,15,10,31,10,51643,7
11,-1.29,-3.57,-1.29,5103.77,1344.89,26,1,15,10,31,14,56643,7
12,-1.33,-3.73,-1.33,5103.77,1344.89,26,1,15,10,31,20,61645,7
13,-1.29,-3.73,-1.29,5103.76,1344.89,26,1,15,10,31,24,66646,7
14,-1.33,-3.65,-1.33,5103.76,1344.88,26,1,15,10,31,30,71646,7
15,1.26,-8.55,1.26,5103.76,1344.88,26,1,15,10,31,32,73463,2
16,-1.57,-2.04,-1.57,5103.76,1344.88,26,1,15,10,31,34,76648,7
17,-1.22,-3.37,-1.22,5103.76,1344.88,26,1,15,10,31,40,81648,7
18,2.55,-5.65,2.55,5103.77,1344.88,26,1,15,10,31,44,86650,7
19,-0.75,-1.88,-0.75,5103.80,1344.90,26,1,15,10,31,50,91651,7
20,-0.86,-0.82,-0.86,5103.80,1344.90,26,1,15,10,31,54,96651,7
21,-0.67,-6.32,-0.67,5103.80,1344.90,26,1,15,10,32,0,101652,7
22,-0.35,-5.57,-0.35,5103.80,1344.90,26,1,15,10,32,4,106654,7
23,-0.39,-2.12,-0.39,5103.79,1344.90,26,1,15,10,32,10,111654,7
24,-2.63,0.08,-2.63,5103.79,1344.90,26,1,15,10,32,12,114274,1
25,0.08,-5.92,0.08,5103.79,1344.90,26,1,15,10,32,14,115028,1
26,0.08,-3.61,0.08,5103.79,1344.90,26,1,15,10,32,14,116655,7
27,-13.18,1.77,-13.18,5103.79,1344.90,26,1,15,10,32,16,118447,2
28,-2.67,-14.91,-2.67,5103.79,1344.90,26,1,15,10,32,16,118523,2
29,-0.59,-2.39,-0.59,5103.79,1344.90,26,1,15,10,32,20,121657,7
30,-0.71,-1.02,-0.71,5103.79,1344.90,26,1,15,10,32,24,126657,7
31,-0.75,-1.61,-0.75,5103.79,1344.90,26,1,15,10,32,30,131658,7
32,-0.63,-2.20,-0.63,5103.79,1344.90,26,1,15,10,32,34,136659,7
33,-0.75,-2.67,-0.75,5103.79,1344.90,26,1,15,10,32,40,141661,7
34,-1.80,-4.00,-1.80,5103.79,1344.90,26,1,15,10,32,44,146662,7
35,-0.63,-2.43,-0.63,5103.79,1344.90,26,1,15,10,32,50,151664,7
36,-0.47,-1.06,-0.47,5103.79,1344.90,26,1,15,10,32,54,156665,7
37,-0.67,-2.55,-0.67,5103.79,1344.90,26,1,15,10,33,0,161666,7
38,-0.82,-2.51,-0.82,5103.79,1344.90,26,1,15,10,33,4,166667,7
39,2.24,15.18,2.24,5103.79,1344.90,26,1,15,10,33,6,167884,2
40,-9.22,17.85,-9.22,5103.79,1344.90,26,1,15,10,33,10,171033,1
41,-1.02,-19.06,-1.02,5103.79,1344.90,26,1,15,10,33,10,171669,7
42,-0.43,0.35,-0.43,5103.79,1344.90,26,1,15,10,33,12,173589,1
43,4.24,4.35,4.24,5103.79,1344.90,26,1,15,10,33,14,174846,2
44,2.20,-18.83,2.20,5103.79,1344.90,26,1,15,10,33,14,176313,1
45,-3.73,-1.37,-3.73,5103.79,1344.90,26,1,15,10,33,14,176670,7
46,2.00,-3.14,2.00,5103.80,1344.89,26,1,15,10,33,16,176868,2
47,2.16,5.69,2.16,5103.80,1344.89,26,1,15,10,33,16,176960,2
48,2.39,15.42,2.39,5103.80,1344.89,26,1,15,10,33,16,177054,2
49,-5.88,6.32,-5.88,5103.80,1344.89,26,1,15,10,33,16,177145,2
50,-1.80,-7.37,-1.80,5103.80,1344.89,26,1,15,10,33,16,177418,2
51,2.82,-1.53,2.82,5103.80,1344.89,26,1,15,10,33,16,177662,1
52,-1.26,-11.45,-1.26,5103.80,1344.89,26,1,15,10,33,16,177970,1
53,1.80,-19.46,1.80,5103.80,1344.89,26,1,15,10,33,16,178401,2
54,14.32,2.43,14.32,5103.80,1344.89,26,1,15,10,33,16,178482,2
55,-0.98,16.24,-0.98,5103.80,1344.89,26,1,15,10,33,18,178833,2
56,-2.12,-3.92,-2.12,5103.80,1344.89,26,1,15,10,33,18,179059,2
57,4.82,1.45,4.82,5103.80,1344.89,26,1,15,10,33,18,179615,2
58,1.02,-8.04,1.02,5103.80,1344.89,26,1,15,10,33,18,180377,1
59,-2.24,-2.98,-2.24,5103.80,1344.89,26,1,15,10,33,18,180608,2
60,-4.08,-2.94,-4.08,5103.80,1344.89,26,1,15,10,33,18,180677,2
61,-1.80,-0.12,-1.80,5103.80,1344.88,26,1,15,10,33,20,180768,2
62,6.32,-7.49,6.32,5103.80,1344.88,26,1,15,10,33,20,180970,2
63,-0.16,6.08,-0.16,5103.80,1344.88,26,1,15,10,33,20,181277,2
64,2.86,-4.75,2.86,5103.80,1344.88,26,1,15,10,33,20,181494,1
65,-0.75,1.22,-0.75,5103.80,1344.88,26,1,15,10,33,20,181601,2
66,-0.78,0.98,-0.78,5103.80,1344.88,26,1,15,10,33,20,181671,7
67,2.55,0.12,2.55,5103.80,1344.88,26,1,15,10,33,20,181764,2
68,3.06,-12.67,3.06,5103.80,1344.88,26,1,15,10,33,20,181911,1
69,-5.53,-2.90,-5.53,5103.80,1344.88,26,1,15,10,33,20,182118,2
70,4.90,-14.87,4.90,5103.80,1344.88,26,1,15,10,33,20,182392,1
71,0.12,-9.02,0.12,5103.80,1344.88,26,1,15,10,33,20,182705,1
72,0.98,1.06,0.98,5103.80,1344.88,26,1,15,10,33,22,182768,1
73,1.61,7.81,1.61,5103.80,1344.88,26,1,15,10,33,22,182838,1
74,-1.26,-2.71,-1.26,5103.80,1344.88,26,1,15,10,33,22,182970,2
75,-1.65,-7.14,-1.65,5103.80,1344.88,26,1,15,10,33,22,183445,2
76,-1.53,3.41,-1.53,5103.80,1344.88,26,1,15,10,33,22,183636,1
77,-0.94,-6.35,-0.94,5103.80,1344.88,26,1,15,10,33,22,183900,2
78,-2.90,0.16,-2.90,5103.80,1344.88,26,1,15,10,33,22,183968,2
79,4.86,-10.00,4.86,5103.80,1344.88,26,1,15,10,33,22,184082,2
80,1.29,2.67,1.29,5103.80,1344.88,26,1,15,10,33,22,184248,2
81,-2.47,7.92,-2.47,5103.80,1344.88,26,1,15,10,33,22,184734,1
82,-1.73,-7.53,-1.73,5103.80,1344.87,26,1,15,10,33,24,184902,2
83,-3.33,-0.12,-3.33,5103.80,1344.87,26,1,15,10,33,24,184990,2
84,5.26,-2.39,5.26,5103.80,1344.87,26,1,15,10,33,24,185089,1
85,2.35,6.79,2.35,5103.80,1344.87,26,1,15,10,33,24,185231,2
86,1.06,3.69,1.06,5103.80,1344.87,26,1,15,10,33,24,185511,2
87,6.43,-3.92,6.43,5103.80,1344.87,26,1,15,10,33,24,185869,1
88,-0.90,4.47,-0.90,5103.80,1344.87,26,1,15,10,33,24,186673,7
89,1.10,-10.71,1.10,5103.80,1344.87,26,1,15,10,33,26,187882,1
90,1.57,-3.02,1.57,5103.80,1344.87,26,1,15,10,33,26,188781,1
91,1.61,-11.81,1.61,5103.80,1344.86,26,1,15,10,33,30,190934,1
92,-3.37,-1.80,-3.37,5103.80,1344.86,26,1,15,10,33,30,191005,2
93,-6.00,1.53,-6.00,5103.80,1344.86,26,1,15,10,33,30,191673,7
94,-9.85,20.01,-9.85,5103.80,1344.86,26,1,15,10,33,30,192450,2
95,2.47,-8.47,2.47,5103.80,1344.86,26,1,15,10,33,30,192830,2
96,1.65,4.51,1.65,5103.80,1344.85,26,1,15,10,33,32,193308,2
97,1.06,-1.92,1.06,5103.80,1344.85,26,1,15,10,33,32,193594,2
98,-0.90,-2.43,-0.90,5103.80,1344.85,26,1,15,10,33,32,193981,1
99,0.75,-1.80,0.75,5103.80,1344.85,26,1,15,10,33,32,194404,2
100,-1.80,-2.20,-1.80,5103.80,1344.85,26,1,15,10,33,32,194473,2
101,-10.75,-15.34,-10.75,5103.80,1344.85,26,1,15,10,33,34,195185,2
102,-1.88,-5.10,-1.88,5103.80,1344.85,26,1,15,10,33,34,195402,2
103,1.69,6.08,1.69,5103.80,1344.85,26,1,15,10,33,34,195542,2
104,0.86,-2.31,0.86,5103.80,1344.85,26,1,15,10,33,34,196675,7
105,-4.79,-0.86,-4.79,5103.80,1344.85,26,1,15,10,33,36,198122,1
106,-11.92,0.51,-11.92,5103.80,1344.85,26,1,15,10,33,36,198334,2
107,-1.41,-3.69,-1.41,5103.80,1344.84,26,1,15,10,33,38,200498,1
108,-1.65,-6.43,-1.65,5103.80,1344.84,26,1,15,10,33,38,200647,2
109,1.06,-0.51,1.06,5103.80,1344.84,26,1,15,10,33,38,200871,2
110,-1.33,-5.30,-1.33,5103.80,1344.84,26,1,15,10,33,40,200927,2
111,-0.51,10.28,-0.51,5103.80,1344.84,26,1,15,10,33,40,201676,7
112,-2.43,-2.16,-2.43,5103.80,1344.83,26,1,15,10,33,44,206678,7
113,-0.78,-0.55,-0.78,5103.81,1344.82,26,1,15,10,33,50,211679,7
114,-1.06,-1.06,-1.06,5103.81,1344.82,26,1,15,10,33,54,216680,7
115,-0.75,-0.31,-0.75,5103.81,1344.82,26,1,15,10,34,0,221682,7
116,-1.06,0.51,-1.06,5103.81,1344.82,26,1,15,10,34,4,226683,7
117,-1.18,0.35,-1.18,5103.81,1344.82,26,1,15,10,34,10,231684,7
118,-0.82,0.51,-0.82,5103.81,1344.82,26,1,15,10,34,14,236686,7
119,-0.78,0.24,-0.78,5103.81,1344.82,26,1,15,10,34,20,241686,7
120,-1.02,0.35,-1.02,5103.81,1344.82,26,1,15,10,34,24,246687,7
121,-1.14,0.20,-1.14,5103.81,1344.82,26,1,15,10,34,30,251688,7
122,-0.90,0.39,-0.90,5103.81,1344.82,26,1,15,10,34,34,256689,7
123,-0.90,0.55,-0.90,5103.81,1344.82,26,1,15,10,34,40,261691,7
124,-0.63,-5.77,-0.63,5103.81,1344.82,26,1,15,10,34,44,266691,7
125,20.01,20.01,20.01,5103.81,1344.82,26,1,15,10,34,50,271692,7
126,-1.37,-12.24,-1.37,5103.81,1344.82,26,1,15,10,34,50,272065,2
127,-2.12,-6.08,-2.12,5103.81,1344.82,26,1,15,10,34,50,272351,2
128,-3.18,-7.61,-3.18,5103.81,1344.82,26,1,15,10,34,50,272480,2
129,2.63,-5.37,2.63,5103.80,1344.81,26,1,15,10,34,52,273409,1
130,4.12,-16.20,4.12,5103.80,1344.81,26,1,15,10,34,52,274358,2
131,-3.18,-2.86,-3.18,5103.80,1344.81,26,1,15,10,34,52,274460,2
132,1.45,-1.84,1.45,5103.81,1344.81,26,1,15,10,34,54,276156,1
133,-4.55,-6.94,-4.55,5103.81,1344.81,26,1,15,10,34,54,276372,1
134,-0.47,0.67,-0.47,5103.81,1344.81,26,1,15,10,34,54,276694,7
135,0.78,-2.04,0.78,5103.81,1344.81,26,1,15,10,34,54,276966,1
136,1.92,-6.43,1.92,5103.81,1344.80,26,1,15,10,34,56,277063,2
137,-12.55,-4.90,-12.55,5103.81,1344.80,26,1,15,10,34,56,277940,2
138,-7.92,-2.39,-7.92,5103.81,1344.80,26,1,15,10,34,56,278272,2
139,-2.16,-0.59,-2.16,5103.81,1344.80,26,1,15,10,34,56,278432,2
140,-2.08,-3.61,-2.08,5103.81,1344.80,26,1,15,10,34,56,278887,2
141,-4.00,0.82,-4.00,5103.81,1344.80,26,1,15,10,34,58,279323,2
142,-7.41,3.26,-7.41,5103.81,1344.80,26,1,15,10,34,58,279806,2
143,17.34,20.01,17.34,5103.81,1344.80,26,1,15,10,34,58,280497,1
144,-2.71,-3.92,-2.71,5103.81,1344.80,26,1,15,10,34,58,280673,1
145,-6.24,14.20,-6.24,5103.81,1344.80,26,1,15,10,34,58,280741,2
146,-3.77,2.31,-3.77,5103.81,1344.80,26,1,15,10,34,58,280819,1
147,7.61,-15.65,7.61,5103.81,1344.80,26,1,15,10,34,58,281004,2
148,1.80,-5.41,1.80,5103.80,1344.79,26,1,15,10,35,0,281210,1
149,0.04,1.96,0.04,5103.80,1344.79,26,1,15,10,35,0,281694,7
150,-1.69,1.88,-1.69,5103.80,1344.79,26,1,15,10,35,0,282177,2
151,-0.27,-9.65,-0.27,5103.80,1344.79,26,1,15,10,35,0,282431,1
152,1.69,10.20,1.69,5103.80,1344.79,26,1,15,10,35,0,282609,2
153,4.35,-2.08,4.35,5103.80,1344.79,26,1,15,10,35,0,282790,1
154,-6.47,-7.49,-6.47,5103.80,1344.79,26,1,15,10,35,0,282845,2
155,-1.80,-10.75,-1.80,5103.80,1344.79,26,1,15,10,35,2,283266,2
156,-2.51,0.08,-2.51,5103.80,1344.79,26,1,15,10,35,2,283507,2
157,-5.45,10.87,-5.45,5103.80,1344.79,26,1,15,10,35,2,284125,2
158,0.71,16.55,0.71,5103.80,1344.79,26,1,15,10,35,2,284339,2
159,14.28,-7.49,14.28,5103.80,1344.79,26,1,15,10,35,4,285740,1
160,-1.37,-2.82,-1.37,5103.80,1344.79,26,1,15,10,35,4,286535,2
161,-0.98,-2.82,-0.98,5103.80,1344.79,26,1,15,10,35,4,286696,7
162,-0.51,0.04,-0.51,5103.80,1344.79,26,1,15,10,35,4,286983,2
163,-4.51,6.12,-4.51,5103.79,1344.79,26,1,15,10,35,6,287319,1
164,2.35,-9.34,2.35,5103.79,1344.79,26,1,15,10,35,6,287446,2
165,-2.20,-5.73,-2.20,5103.79,1344.79,26,1,15,10,35,6,287523,1
166,-3.49,1.29,-3.49,5103.79,1344.79,26,1,15,10,35,6,287662,2
167,2.00,-6.75,2.00,5103.79,1344.79,26,1,15,10,35,6,287911,1
168,-2.63,16.63,-2.63,5103.79,1344.79,26,1,15,10,35,6,288451,1
169,-1.33,-7.10,-1.33,5103.79,1344.78,26,1,15,10,35,8,289828,2
170,-0.51,-1.80,-0.51,5103.79,1344.78,26,1,15,10,35,8,289978,2
171,1.22,-7.73,1.22,5103.79,1344.78,26,1,15,10,35,8,290324,1
172,-1.84,-1.69,-1.84,5103.79,1344.78,26,1,15,10,35,8,290805,1
173,-20.01,20.01,-20.01,5103.79,1344.78,26,1,15,10,35,10,291302,2
174,-5.73,-13.73,-5.73,5103.79,1344.78,26,1,15,10,35,10,291696,7
175,-0.71,-9.26,-0.71,5103.79,1344.78,26,1,15,10,35,10,291861,2
176,-3.02,-12.04,-3.02,5103.79,1344.78,26,1,15,10,35,10,292317,2
177,1.26,-5.33,1.26,5103.79,1344.78,26,1,15,10,35,10,292444,2
178,3.37,9.06,3.37,5103.79,1344.78,26,1,15,10,35,10,292540,1
179,1.10,-11.77,1.10,5103.79,1344.78,26,1,15,10,35,10,292686,2
180,-4.04,10.40,-4.04,5103.79,1344.78,26,1,15,10,35,10,292983,2
181,0.98,-1.37,0.98,5103.78,1344.78,26,1,15,10,35,12,293165,2
182,0.00,2.86,0.00,5103.78,1344.78,26,1,15,10,35,12,293557,2
183,0.16,-20.01,0.16,5103.78,1344.78,26,1,15,10,35,12,294232,2
184,-1.02,-16.59,-1.02,5103.78,1344.78,26,1,15,10,35,12,294312,2
185,10.98,-3.14,10.98,5103.78,1344.78,26,1,15,10,35,12,294940,1
186,-4.31,4.12,-4.31,5103.78,1344.77,26,1,15,10,35,14,295136,2
187,3.33,-4.90,3.33,5103.78,1344.77,26,1,15,10,35,14,295241,1
188,-1.49,-6.20,-1.49,5103.78,1344.77,26,1,15,10,35,14,295297,2
189,1.88,-0.24,1.88,5103.78,1344.77,26,1,15,10,35,14,295689,1
190,-1.92,14.36,-1.92,5103.78,1344.77,26,1,15,10,35,14,295897,1
191,5.57,-4.35,5.57,5103.78,1344.77,26,1,15,10,35,14,296623,1
192,4.04,-6.90,4.04,5103.78,1344.77,26,1,15,10,35,14,296697,7
193,-0.59,-8.87,-0.59,5103.78,1344.77,26,1,15,10,35,14,296943,1
194,-6.71,-0.90,-6.71,5103.78,1344.77,26,1,15,10,35,14,297040,1
195,-10.79,-4.35,-10.79,5103.77,1344.77,26,1,15,10,35,16,297159,2
196,-0.24,-4.90,-0.24,5103.77,1344.77,26,1,15,10,35,16,297290,1
197,-0.59,-3.57,-0.59,5103.77,1344.77,26,1,15,10,35,16,298231,2
198,-12.71,-12.08,-12.71,5103.77,1344.77,26,1,15,10,35,16,298932,1
199,-3.26,0.31,-3.26,5103.77,1344.77,26,1,15,10,35,18,299184,2
200,-2.12,1.26,-2.12,5103.77,1344.77,26,1,15,10,35,18,299355,1
201,-20.01,-2.75,-20.01,5103.77,1344.77,26,1,15,10,35,18,299453,2
202,-3.30,-3.06,-3.30,5103.77,1344.77,26,1,15,10,35,18,299565,1
203,-1.41,-0.39,-1.41,5103.77,1344.77,26,1,15,10,35,18,300284,2
204,2.39,-5.84,2.39,5103.77,1344.77,26,1,15,10,35,18,301054,1
205,1.37,-3.45,1.37,5103.77,1344.76,26,1,15,10,35,20,301290,2
206,3.33,-1.45,3.33,5103.77,1344.76,26,1,15,10,35,20,301535,1
207,-1.14,4.51,-1.14,5103.77,1344.76,26,1,15,10,35,20,301639,1
208,4.35,-10.04,4.35,5103.77,1344.76,26,1,15,10,35,20,301698,7
209,-2.39,-5.14,-2.39,5103.77,1344.76,26,1,15,10,35,20,301766,1
210,10.90,-5.41,10.90,5103.77,1344.76,26,1,15,10,35,20,302146,2
211,-1.61,3.61,-1.61,5103.77,1344.76,26,1,15,10,35,20,302226,1
212,-0.24,-11.22,-0.24,5103.77,1344.76,26,1,15,10,35,20,302659,1
213,1.10,-0.31,1.10,5103.77,1344.76,26,1,15,10,35,20,302840,2
214,-0.08,-17.18,-0.08,5103.76,1344.76,26,1,15,10,35,22,303861,2
215,0.39,-5.18,0.39,5103.76,1344.76,26,1,15,10,35,22,303931,2
216,-5.37,-0.43,-5.37,5103.76,1344.76,26,1,15,10,35,22,304031,2
217,-1.29,5.10,-1.29,5103.76,1344.76,26,1,15,10,35,22,304107,1
218,0.08,-12.43,0.08,5103.76,1344.76,26,1,15,10,35,22,304552,1
219,1.73,-3.49,1.73,5103.76,1344.76,26,1,15,10,35,22,304673,2
220,-4.51,19.61,-4.51,5103.76,1344.75,26,1,15,10,35,25,305252,2
221,2.24,0.08,2.24,5103.76,1344.75,26,1,15,10,35,25,305548,1
222,-20.01,20.01,-20.01,5103.76,1344.75,26,1,15,10,35,25,305983,2
223,-5.57,-5.49,-5.57,5103.76,1344.75,26,1,15,10,35,25,306135,1
224,-3.33,-0.67,-3.33,5103.76,1344.75,26,1,15,10,35,25,306266,1
225,2.86,-8.08,2.86,5103.76,1344.75,26,1,15,10,35,25,306368,2
226,-3.80,12.28,-3.80,5103.76,1344.75,26,1,15,10,35,25,306491,2
227,1.84,-6.08,1.84,5103.76,1344.75,26,1,15,10,35,25,306652,2
228,12.87,20.01,12.87,5103.76,1344.75,26,1,15,10,35,25,306701,7
229,-6.39,-1.88,-6.39,5103.76,1344.75,26,1,15,10,35,25,307057,2
230,8.67,5.61,8.67,5103.75,1344.75,26,1,15,10,35,26,307308,2
231,-1.26,-3.22,-1.26,5103.75,1344.75,26,1,15,10,35,26,307550,2
232,3.61,2.75,3.61,5103.75,1344.75,26,1,15,10,35,26,307672,1
233,-1.10,-11.53,-1.10,5103.75,1344.75,26,1,15,10,35,26,307984,1
234,1.10,-7.06,1.10,5103.75,1344.75,26,1,15,10,35,26,308818,2
235,1.33,-0.78,1.33,5103.75,1344.75,26,1,15,10,35,26,308896,2
236,0.31,-0.31,0.31,5103.75,1344.75,26,1,15,10,35,26,308957,2
237,-1.77,1.29,-1.77,5103.75,1344.75,26,1,15,10,35,28,309360,2
238,-5.22,-3.80,-5.22,5103.75,1344.75,26,1,15,10,35,28,309499,2
239,-3.88,-0.24,-3.88,5103.75,1344.75,26,1,15,10,35,28,309736,2
240,-2.94,-1.77,-2.94,5103.75,1344.75,26,1,15,10,35,28,310501,2
241,-5.57,-3.22,-5.57,5103.75,1344.74,26,1,15,10,35,30,311702,7
242,-0.78,-0.63,-0.78,5103.74,1344.74,26,1,15,10,35,35,316703,7
243,-0.67,-0.43,-0.67,5103.74,1344.74,26,1,15,10,35,40,321704,7
244,-0.59,-0.67,-0.59,5103.74,1344.74,26,1,15,10,35,45,326705,7
245,-0.59,0.24,-0.59,5103.74,1344.74,26,1,15,10,35,51,331706,7
246,2.24,-1.14,2.24,5103.74,1344.74,26,1,15,10,35,54,335295,2
247,-10.79,13.73,-10.79,5103.74,1344.74,26,1,15,10,35,54,335371,1
248,1.45,-3.77,1.45,5103.74,1344.74,26,1,15,10,35,54,336707,7
249,3.92,-13.53,3.92,5103.73,1344.74,26,1,15,10,36,1,341281,1
250,-0.39,-2.63,-0.39,5103.73,1344.74,26,1,15,10,36,1,341540,1
251,1.61,-6.43,1.61,5103.73,1344.74,26,1,15,10,36,1,341709,7
252,0.08,-3.45,0.08,5103.73,1344.74,26,1,15,10,36,1,342857,2
253,4.79,-11.34,4.79,5103.73,1344.74,26,1,15,10,36,1,342963,2
254,5.69,19.22,5.69,5103.72,1344.74,26,1,15,10,36,5,345661,2
255,-3.57,1.84,-3.57,5103.72,1344.74,26,1,15,10,36,5,346711,7
256,-2.63,-2.39,-2.63,5103.72,1344.74,26,1,15,10,36,5,347094,2
257,-2.35,0.35,-2.35,5103.71,134.74,2,1,15,10,36,7,347180,1
258,-0.12,-3.65,-0.12,5103.71,134.74,2,1,15,10,36,7,347408,2
259,0.27,-5.88,0.27,5103.71,134.74,2,1,15,10,36,7,348056,1
260,-3.88,-8.12,-3.88,5103.71,134.74,2,1,15,10,36,7,349111,1
261,0.82,1.61,0.82,5103.70,1344.74,26,1,15,10,36,11,351713,7
262,-1.77,-18.71,-1.77,5103.70,1344.74,26,1,15,10,36,13,355098,2
263,-6.24,7.53,-6.24,5103.70,1344.74,26,1,15,10,36,13,355155,2
264,1.18,-14.59,1.18,5103.70,1344.74,26,1,15,10,36,15,356361,2
265,-2.51,-3.65,-2.51,5103.70,1344.74,26,1,15,10,36,15,356707,1
266,-2.51,-3.65,-2.51,5103.70,1344.74,26,1,15,10,36,15,356728,7
267,-2.00,-4.35,-2.00,5103.70,1344.74,26,1,15,10,36,15,356958,2
268,-20.01,19.73,-20.01,5103.69,1344.74,26,1,15,10,36,17,358411,1
269,1.84,-1.69,1.84,5103.69,1344.74,26,1,15,10,36,19,359567,1
270,-1.61,-3.37,-1.61,5103.69,1344.74,26,1,15,10,36,19,359763,2
271,0.31,-0.94,0.31,5103.68,1344.75,26,1,15,10,36,21,361729,7
272,-1.45,-3.06,-1.45,5103.68,1344.75,26,1,15,10,36,21,361957,2
273,-4.24,3.73,-4.24,5103.68,1344.75,26,1,15,10,36,23,364809,2
274,-20.01,-12.00,-20.01,5103.68,1344.75,26,1,15,10,36,23,364916,2
275,-4.67,-3.18,-4.67,5103.68,1344.75,26,1,15,10,36,23,365009,1
276,-2.55,-7.34,-2.55,5103.68,1344.75,26,1,15,10,36,23,365126,2
277,-4.86,-10.75,-4.86,5103.68,1344.75,26,1,15,10,36,23,365206,2
278,2.94,9.30,2.94,5103.68,1344.75,26,1,15,10,36,24,365398,2
279,0.16,-0.16,0.16,5103.68,1344.75,26,1,15,10,36,24,366730,7
280,1.06,-0.67,1.06,5103.67,1344.75,26,1,15,10,36,27,367540,2
281,-0.39,-2.59,-0.39,5103.66,1344.75,26,1,15,10,36,31,371731,7
282,-3.45,-5.22,-3.45,5103.65,1344.74,26,1,15,10,36,35,376733,7
283,-0.16,-3.49,-0.16,5103.64,1344.74,26,1,15,10,36,41,381734,7
284,-1.80,-3.73,-1.80,5103.63,1344.74,26,1,15,10,36,45,386735,7
285,4.16,3.30,4.16,5103.62,1344.74,26,1,15,10,36,47,387832,2
286,-3.57,-3.06,-3.57,5103.62,1344.74,26,1,15,10,36,47,387900,2
287,-1.77,2.28,-1.77,5103.62,1344.74,26,1,15,10,36,47,388341,1
288,-7.37,9.38,-7.37,5103.62,1344.74,26,1,15,10,36,47,388468,1
289,-1.45,-2.63,-1.45,5103.61,1344.74,26,1,15,10,36,51,391736,7
290,1.92,-14.83,1.92,5103.60,1344.74,26,1,15,10,36,55,396738,7
291,-0.75,-1.10,-0.75,5103.60,1344.74,26,1,15,10,36,55,397262,1
292,-1.84,-0.98,-1.84,5103.58,1344.74,26,1,15,10,37,1,401738,7
293,-0.98,-6.83,-0.98,5103.58,1344.74,26,1,15,10,37,1,402135,1
294,0.04,-6.90,0.04,5103.58,1344.74,26,1,15,10,37,3,405055,2
295,0.59,-0.39,0.59,5103.57,1344.73,26,1,15,10,37,5,406460,1
296,-1.14,2.24,-1.14,5103.57,1344.73,26,1,15,10,37,5,406739,7
297,-1.65,-5.69,-1.65,5103.57,1344.73,26,1,15,10,37,7,408637,1
298,1.22,1.53,1.22,5103.56,1344.73,26,1,15,10,37,11,411740,7
299,-2.35,-0.82,-2.35,5103.56,1344.73,26,1,15,10,37,11,413054,1
300,-2.35,-3.88,-2.35,5103.55,1344.73,26,1,15,10,37,15,416741,7
301,-2.59,-6.00,-2.59,5103.53,1344.73,26,1,15,10,37,21,421743,7
302,-1.65,-3.06,-1.65,5103.52,1344.73,26,1,15,10,37,23,423375,1
303,-0.94,-9.92,-0.94,5103.52,1344.73,26,1,15,10,37,25,425722,1
304,1.37,-6.24,1.37,5103.52,1344.73,26,1,15,10,37,25,426745,7
305,-3.06,-0.08,-3.06,5103.51,1344.73,26,1,15,10,37,27,427966,2
306,-2.75,-3.22,-2.75,5103.51,1344.73,26,1,15,10,37,27,428157,2
307,0.35,-4.67,0.35,5103.51,1344.73,26,1,15,10,37,27,428638,2
308,-2.43,2.04,-2.43,5103.50,1344.73,26,1,15,10,37,31,431747,7
309,-0.51,0.12,-0.51,5103.49,1344.73,26,1,15,10,37,35,436748,7
310,6.16,-1.61,6.16,5103.48,1344.73,26,1,15,10,37,39,439914,1
311,-1.92,0.27,-1.92,5103.47,1344.73,26,1,15,10,37,41,441749,7
312,-2.47,-0.90,-2.47,5103.46,1344.74,26,1,15,10,37,45,446575,1
313,-2.24,-2.31,-2.24,5103.46,1344.74,26,1,15,10,37,45,446750,7
314,-0.47,-1.57,-0.47,5103.46,1344.74,26,1,15,10,37,51,451751,7
315,-0.71,1.88,-0.71,5103.45,1344.74,26,1,15,10,37,55,456753,7
316,-1.14,0.24,-1.14,5103.45,1344.74,26,1,15,10,38,1,461753,7
317,-1.02,1.22,-1.02,5103.45,1344.74,26,1,15,10,38,5,466755,7
318,-0.98,1.29,-0.98,5103.45,1344.74,26,1,15,10,38,11,471755,7
319,-0.90,0.71,-0.90,5103.45,1344.74,26,1,15,10,38,15,476756,7
320,-1.02,0.47,-1.02,5103.45,1344.74,26,1,15,10,38,21,481758,7
321,20.01,20.01,20.01,5103.45,1344.74,26,1,15,10,38,25,486509,2
322,0.86,-6.20,0.86,5103.45,1344.74,26,1,15,10,38,25,486758,7
323,-2.59,1.49,-2.59,5103.45,1344.74,26,1,15,10,38,27,487852,2
324,1.18,-5.81,1.18,5103.44,1344.74,26,1,15,10,38,29,491155,2
325,11.53,-2.00,11.53,5103.44,1344.74,26,1,15,10,38,29,491219,2
326,-10.32,-20.01,-10.32,5103.44,1344.74,26,1,15,10,38,31,491513,2
327,-1.41,-0.71,-1.41,5103.44,1344.74,26,1,15,10,38,31,491760,7
328,0.16,0.59,0.16,5103.44,1344.74,26,1,15,10,38,31,491829,2
329,2.55,-4.39,2.55,5103.44,1344.74,26,1,15,10,38,31,492113,2
330,3.41,-0.08,3.41,5103.44,1344.74,26,1,15,10,38,31,492429,2
331,-1.96,-1.92,-1.96,5103.44,1344.74,26,1,15,10,38,33,493938,2
332,-1.26,-14.91,-1.26,5103.44,1344.74,26,1,15,10,38,33,494312,2
333,-1.96,14.59,-1.96,5103.44,1344.74,26,1,15,10,38,33,494609,2
334,-2.00,-3.37,-2.00,5103.43,1344.74,26,1,15,10,38,35,496761,7
335,0.12,2.94,0.12,5103.43,1344.74,26,1,15,10,38,37,497949,2
336,3.18,-13.81,3.18,5103.43,1344.74,26,1,15,10,38,37,498274,2
337,-0.82,-1.45,-0.82,5103.43,1344.74,26,1,15,10,38,37,498447,2
338,-2.08,-6.39,-2.08,5103.43,1344.74,26,1,15,10,38,37,498673,2
339,-4.55,-0.55,-4.55,5103.43,1344.74,26,1,15,10,38,37,499177,2
340,5.53,1.06,5.53,5103.43,1344.74,26,1,15,10,38,39,499814,2
341,-1.37,-1.88,-1.37,5103.43,1344.74,26,1,15,10,38,39,501132,2
342,0.27,-0.24,0.27,5103.42,1344.75,26,1,15,10,38,41,501687,2
343,1.33,1.88,1.33,5103.42,1344.75,26,1,15,10,38,41,501763,7
344,2.28,-5.73,2.28,5103.42,1344.75,26,1,15,10,38,45,506764,7
345,1.49,-0.67,1.49,5103.41,1344.76,26,1,15,10,38,47,508320,2
346,0.04,-5.57,0.04,5103.41,1344.76,26,1,15,10,38,47,509012,1
347,-1.61,-1.29,-1.61,5103.41,1344.76,26,1,15,10,38,47,509124,1
348,0.55,-1.69,0.55,5103.41,1344.76,26,1,15,10,38,49,509749,2
349,20.01,20.01,20.01,5103.41,1344.76,26,1,15,10,38,49,511198,2
350,0.20,0.78,0.20,5103.40,1344.76,26,1,15,10,38,51,511766,7
351,-0.43,0.31,-0.43,5103.39,1344.77,26,1,15,10,38,55,516767,7
352,0.90,-6.43,0.90,5103.38,1344.77,26,1,15,10,39,1,521768,7
353,-1.49,-6.00,-1.49,5103.38,1344.77,26,1,15,10,39,1,522949,1
354,1.65,-8.55,1.65,5103.37,1344.77,26,1,15,10,39,3,523701,2
355,0.47,0.08,0.47,5103.37,1344.77,26,1,15,10,39,3,523770,2
356,4.24,-4.04,4.24,5103.37,1344.77,26,1,15,10,39,3,524144,1
357,3.41,0.71,3.41,5103.37,1344.77,26,1,15,10,39,3,524499,2
358,20.01,-20.01,20.01,5103.37,1344.77,26,1,15,10,39,3,524759,2
359,7.53,6.86,7.53,5103.37,1344.77,26,1,15,10,39,3,524993,2
360,0.00,-1.53,0.00,5103.37,1344.78,26,1,15,10,39,5,525790,1
361,-3.84,-1.22,-3.84,5103.37,1344.78,26,1,15,10,39,5,526707,1
362,-1.65,-0.12,-1.65,5103.37,1344.78,26,1,15,10,39,5,526770,7
363,3.96,-2.75,3.96,5103.37,1344.78,26,1,15,10,39,5,527077,1
364,13.06,16.75,13.06,5103.37,1344.78,26,1,15,10,39,5,527138,1
365,1.80,0.16,1.80,5103.36,1344.78,26,1,15,10,39,9,530159,2
366,-0.35,-12.79,-0.35,5103.36,1344.78,26,1,15,10,39,9,530551,1
367,-1.18,-2.31,-1.18,5103.36,1344.78,26,1,15,10,39,9,531040,1
368,0.63,-5.30,0.63,5103.36,1344.78,26,1,15,10,39,9,531270,2
369,2.24,1.61,2.24,5103.36,1344.78,26,1,15,10,39,11,531770,7
370,-3.10,-4.55,-3.10,5103.35,1344.78,26,1,15,10,39,13,534602,2
371,-1.57,-3.33,-1.57,5103.35,1344.78,26,1,15,10,39,15,536667,2
372,-1.61,-6.79,-1.61,5103.35,1344.78,26,1,15,10,39,15,536772,7
373,0.71,-1.37,0.71,5103.34,1344.78,26,1,15,10,39,17,539360,2
374,0.75,-0.24,0.75,5103.33,1344.79,26,1,15,10,39,21,541774,7
375,0.39,-5.92,0.39,5103.33,1344.79,26,1,15,10,39,23,543883,1
376,0.47,-3.22,0.47,5103.32,1344.79,26,1,15,10,39,25,546697,2
377,-2.28,-2.71,-2.28,5103.32,1344.79,26,1,15,10,39,25,546775,7
378,-2.47,0.16,-2.47,5103.31,1344.80,26,1,15,10,39,31,551777,7
379,-1.69,0.59,-1.69,5103.31,1344.80,26,1,15,10,39,31,552689,2
380,-1.18,-8.79,-1.18,5103.31,1344.80,26,1,15,10,39,31,552889,1
381,0.51,-2.31,0.51,5103.30,1344.80,26,1,15,10,39,33,554316,2
382,-2.08,-3.45,-2.08,5103.30,1344.80,26,1,15,10,39,33,554619,2
383,-4.43,-0.94,-4.43,5103.30,1344.80,26,1,15,10,39,35,556778,7
384,2.43,-8.36,2.43,5103.30,1344.80,26,1,15,10,39,35,557359,1
385,-2.31,-0.39,-2.31,5103.28,1344.81,26,1,15,10,39,41,561771,2
386,-2.31,-0.39,-2.31,5103.28,1344.81,26,1,15,10,39,41,561793,7
387,0.47,-3.92,0.47,5103.28,1344.81,26,1,15,10,39,41,562164,1
388,0.16,4.24,0.16,5103.28,1344.81,26,1,15,10,39,43,565357,1
389,2.08,-3.10,2.08,5103.27,1344.81,26,1,15,10,39,45,565443,1
390,-2.79,1.77,-2.79,5103.27,1344.81,26,1,15,10,39,45,566795,7
391,-0.82,10.67,-0.82,5103.27,1344.81,26,1,15,10,39,45,567169,2
392,-1.92,-2.31,-1.92,5103.27,1344.81,26,1,15,10,39,45,567240,2
393,4.71,1.33,4.71,5103.27,1344.81,26,1,15,10,39,47,567485,1
394,-20.01,4.59,-20.01,5103.27,1344.81,26,1,15,10,39,47,567559,2
395,-3.41,-3.73,-3.41,5103.27,1344.81,26,1,15,10,39,47,568760,2
396,-7.41,0.47,-7.41,5103.26,1344.81,26,1,15,10,39,49,569761,1
397,-2.43,-3.49,-2.43,5103.26,1344.81,26,1,15,10,39,49,569827,1
398,-0.12,-1.18,-0.12,5103.26,1344.81,26,1,15,10,39,49,570366,1
399,0.51,-1.18,0.51,5103.26,1344.81,26,1,15,10,39,49,570583,2
400,-0.82,-0.51,-0.82,5103.26,1344.82,26,1,15,10,39,51,571795,7
401,-4.16,8.63,-4.16,5103.26,1344.82,26,1,15,10,39,51,572033,2
402,-2.71,2.04,-2.71,5103.26,1344.82,26,1,15,10,39,51,573353,1
403,-4.24,-0.98,-4.24,5103.25,1344.82,26,1,15,10,39,53,574176,1
404,-2.39,-4.20,-2.39,5103.25,1344.82,26,1,15,10,39,53,574972,1
405,-0.71,-5.69,-0.71,5103.25,1344.82,26,1,15,10,39,55,576205,2
406,-1.77,-5.57,-1.77,5103.25,1344.82,26,1,15,10,39,55,576293,1
407,-1.10,6.55,-1.10,5103.25,1344.82,26,1,15,10,39,55,576397,1
408,4.71,-1.37,4.71,5103.25,1344.82,26,1,15,10,39,55,576796,7
409,-0.51,-2.71,-0.51,5103.25,1344.82,26,1,15,10,39,55,576952,1
410,-3.92,-4.28,-3.92,5103.25,1344.82,26,1,15,10,39,55,577424,2
411,-2.04,-0.24,-2.04,5103.24,1344.82,26,1,15,10,39,57,578032,1
412,-3.10,-8.20,-3.10,5103.24,1344.82,26,1,15,10,39,59,580698,1
413,0.08,-2.39,0.08,5103.23,1344.82,26,1,15,10,40,1,581797,7
414,0.39,-1.06,0.39,5103.23,1344.82,26,1,15,10,40,1,582352,1
415,-1.84,-0.24,-1.84,5103.22,1344.83,26,1,15,10,40,5,585526,2
416,-0.31,0.94,-0.31,5103.22,1344.83,26,1,15,10,40,5,586297,2
417,-2.43,1.69,-2.43,5103.22,1344.83,26,1,15,10,40,5,586799,7
418,1.10,-3.06,1.10,5103.22,1344.83,26,1,15,10,40,5,587285,2
419,-3.26,-4.00,-3.26,5103.22,1344.83,26,1,15,10,40,7,587687,2
420,-1.37,-4.75,-1.37,5103.22,1344.83,26,1,15,10,40,7,587793,2
421,0.47,-1.57,0.47,5103.22,1344.83,26,1,15,10,40,7,588302,1
422,-0.08,-3.41,-0.08,5103.21,1344.83,26,1,15,10,40,9,590545,2
423,0.04,-5.45,0.04,5103.21,1344.83,26,1,15,10,40,11,591800,7
424,-2.04,-1.96,-2.04,5103.21,1344.83,26,1,15,10,40,11,592712,2
425,-1.88,-4.75,-1.88,5103.21,1344.83,26,1,15,10,40,11,592867,2
426,-1.18,-5.96,-1.18,5103.19,1344.83,26,1,15,10,40,15,596405,2
427,3.14,-3.65,3.14,5103.19,1344.83,26,1,15,10,40,15,596700,1
428,1.22,-2.79,1.22,5103.19,1344.83,26,1,15,10,40,15,596800,7
429,-5.14,-3.26,-5.14,5103.19,1344.83,26,1,15,10,40,15,596885,2
430,-0.47,-13.96,-0.47,5103.18,1344.83,26,1,15,10,40,19,601299,2
431,-2.79,-0.98,-2.79,5103.18,1344.83,26,1,15,10,40,19,601476,2
432,-1.22,-7.65,-1.22,5103.18,1344.83,26,1,15,10,40,21,601605,1
433,-0.08,2.28,-0.08,5103.18,1344.83,26,1,15,10,40,21,601802,7
434,-0.27,-7.88,-0.27,5103.18,1344.83,26,1,15,10,40,21,602932,2
435,1.92,-3.49,1.92,5103.17,1344.83,26,1,15,10,40,23,603884,2
436,1.02,-5.81,1.02,5103.17,1344.83,26,1,15,10,40,25,606178,2
437,8.63,12.55,8.63,5103.17,1344.83,26,1,15,10,40,25,606465,2
438,-12.55,-8.71,-12.55,5103.17,1344.83,26,1,15,10,40,25,606772,2
439,13.93,-19.89,13.93,5103.17,1344.83,26,1,15,10,40,25,606826,7
440,-6.79,9.69,-6.79,5103.17,1344.83,26,1,15,10,40,25,607382,2
441,-1.14,5.02,-1.14,5103.17,1344.83,26,1,15,10,40,25,607500,2
442,-1.14,-10.90,-1.14,5103.16,1344.83,26,1,15,10,40,27,607570,2
443,-1.84,1.06,-1.84,5103.16,1344.83,26,1,15,10,40,27,607982,1
444,0.90,-1.06,0.90,5103.16,1344.83,26,1,15,10,40,27,609504,2
445,-1.49,-0.63,-1.49,5103.16,1344.83,26,1,15,10,40,29,609664,2
446,-1.96,0.51,-1.96,5103.16,1344.83,26,1,15,10,40,31,611827,7
447,-1.14,-3.22,-1.14,5103.16,1344.84,26,1,15,10,40,35,616827,7
448,-0.82,-1.88,-0.82,5103.15,1344.84,26,1,15,10,40,41,621829,7
449,-1.84,-3.69,-1.84,5103.14,1344.84,26,1,15,10,40,45,626830,7
450,-1.33,-0.82,-1.33,5103.13,1344.83,26,1,15,10,40,51,631831,7
451,-0.27,-3.02,-0.27,5103.13,1344.83,26,1,15,10,40,55,636833,7
452,-1.06,-2.82,-1.06,5103.12,1344.83,26,1,15,10,41,1,641835,7
453,-0.55,-7.77,-0.55,5103.12,1344.82,26,1,15,10,41,5,646648,2
454,-3.88,-2.94,-3.88,5103.12,1344.82,26,1,15,10,41,5,646728,2
455,-3.88,-4.47,-3.88,5103.12,1344.82,26,1,15,10,41,5,646835,7
456,0.51,0.67,0.51,5103.11,1344.82,26,1,15,10,41,9,650096,1
457,-0.55,-2.31,-0.55,5103.11,1344.82,26,1,15,10,41,9,650637,1
458,-1.33,0.75,-1.33,5103.11,1344.81,26,1,15,10,41,11,651836,7
459,-3.33,-0.63,-3.33,5103.11,1344.81,26,1,15,10,41,11,651938,1
460,-1.73,-16.00,-1.73,5103.10,1344.81,26,1,15,10,41,13,653697,1
461,-0.78,0.55,-0.78,5103.09,1344.81,26,1,15,10,41,15,656838,7
462,5.14,-0.78,5.14,5103.09,1344.80,26,1,15,10,41,17,658297,2
463,-2.16,-5.22,-2.16,5103.08,1344.80,26,1,15,10,41,19,660291,1
464,-2.94,-4.35,-2.94,5103.08,1344.79,26,1,15,10,41,21,661838,7
465,-1.49,-4.31,-1.49,5103.07,1344.79,26,1,15,10,41,23,664317,1
466,-3.61,-7.61,-3.61,5103.07,1344.79,26,1,15,10,41,23,664630,1
467,1.02,3.96,1.02,5103.07,1344.79,26,1,15,10,41,23,664730,1
468,-1.29,-2.08,-1.29,5103.06,1344.78,26,1,15,10,41,25,666718,1
469,-3.10,2.82,-3.10,5103.06,1344.78,26,1,15,10,41,25,666839,7
470,-1.69,3.10,-1.69,5103.06,1344.78,26,1,15,10,41,27,667811,1
471,-2.79,-0.51,-2.79,5103.05,1344.77,26,1,15,10,41,29,670444,1
472,-1.41,-5.65,-1.41,5103.04,1344.76,26,1,15,10,41,31,671840,7
473,-2.31,-4.39,-2.31,5103.04,1344.75,26,1,15,10,41,33,674617,2
474,-3.77,3.06,-3.77,5103.04,1344.75,26,1,15,10,41,33,675097,1
475,0.59,-1.37,0.59,5103.04,1344.75,26,1,15,10,41,33,675350,1
476,-5.14,-6.67,-5.14,5103.03,1344.75,26,1,15,10,41,35,676841,7
477,-0.20,-1.92,-0.20,5103.02,1344.74,26,1,15,10,41,37,678231,2
478,-5.26,-2.55,-5.26,5103.02,1344.74,26,1,15,10,41,37,678337,2
479,-0.63,-1.29,-0.63,5103.01,1344.73,26,1,15,10,41,41,681842,7
480,-2.98,3.65,-2.98,5103.00,1344.72,26,1,15,10,41,43,684975,1
481,-2.71,-5.45,-2.71,5103.00,1344.72,26,1,15,10,41,43,685401,1
482,-2.08,-1.49,-2.08,5103.00,1344.72,26,1,15,10,41,45,686843,7
483,-0.94,-4.75,-0.94,5102.98,1344.71,26,1,15,10,41,49,691551,1
484,1.22,-0.35,1.22,5102.98,1344.70,26,1,15,10,41,51,691844,7
485,-0.94,-2.59,-0.94,5102.97,1344.70,26,1,15,10,41,53,694257,1
486,-0.78,-1.33,-0.78,5102.97,1344.70,26,1,15,10,41,53,694521,1
487,-1.77,-3.26,-1.77,5102.97,1344.70,26,1,15,10,41,53,695018,1
488,-4.90,6.86,-4.90,5102.97,1344.69,26,1,15,10,41,55,695954,1
489,-3.33,2.79,-3.33,5102.97,1344.69,26,1,15,10,41,55,696107,2
490,-0.16,-18.87,-0.16,5102.97,1344.69,26,1,15,10,41,55,696368,2
491,-0.71,-19.77,-0.71,5102.97,1344.69,26,1,15,10,41,55,696846,7
492,0.43,-3.53,0.43,5102.96,1344.69,26,1,15,10,41,57,699360,1
493,1.96,14.20,1.96,5102.95,1344.68,26,1,15,10,41,59,701549,1
494,1.88,-4.67,1.88,5102.95,1344.68,26,1,15,10,42,1,701847,7
495,-0.12,-5.96,-0.12,5102.95,1344.68,26,1,15,10,42,1,702743,2
496,-0.90,-0.47,-0.90,5102.93,1344.67,26,1,15,10,42,5,706848,7
497,-0.67,-4.51,-0.67,5102.91,1344.65,26,1,15,10,42,11,711851,7
498,0.82,-15.14,0.82,5102.90,1344.64,26,1,15,10,42,15,716851,7
499,-0.90,1.49,-0.90,5102.90,1344.64,26,1,15,10,42,17,717689,2
500,-2.16,-0.39,-2.16,5102.90,1344.64,26,1,15,10,42,17,718590,2
501,2.00,-2.28,2.00,5102.88,1344.63,26,1,15,10,42,21,721852,7
502,1.33,-9.61,1.33,5102.88,1344.63,26,1,15,10,42,21,722769,1
503,-3.92,-3.14,-3.92,5102.87,1344.62,26,1,15,10,42,25,726854,7
504,2.51,-3.30,2.51,5102.86,1344.61,26,1,15,10,42,27,728843,1
505,-0.98,-6.71,-0.98,5102.85,1344.60,26,1,15,10,42,31,731856,7
506,-1.22,-1.14,-1.22,5102.85,1344.59,26,1,15,10,42,33,734435,1
507,0.12,-0.55,0.12,5102.84,1344.59,26,1,15,10,42,35,736856,7
508,-2.08,-2.82,-2.08,5102.84,1344.59,26,1,15,10,42,35,737561,2
509,-14.91,-10.24,-14.91,5102.83,1344.58,26,1,15,10,42,37,737741,2
510,1.37,-2.94,1.37,5102.83,1344.58,26,1,15,10,42,39,740377,1
511,-1.69,-5.77,-1.69,5102.82,1344.57,26,1,15,10,42,41,741858,7
512,-0.86,-1.02,-0.86,5102.82,1344.56,26,1,15,10,42,43,745158,2
513,-16.24,10.00,-16.24,5102.82,1344.55,26,1,15,10,42,45,746532,2
514,-1.65,-1.65,-1.65,5102.82,1344.55,26,1,15,10,42,45,746860,7
515,0.43,-3.61,0.43,5102.81,1344.55,26,1,15,10,42,47,748650,1
516,1.33,0.12,1.33,5102.80,1344.53,26,1,15,10,42,51,751862,7
517,-1.10,-1.57,-1.10,5102.80,1344.51,26,1,15,10,42,55,756865,7
518,-1.10,-0.08,-1.10,5102.80,1344.50,26,1,15,10,43,1,761865,7
519,-1.06,-0.55,-1.06,5102.80,1344.50,26,1,15,10,43,5,766866,7
520,-1.18,-0.24,-1.18,5102.80,1344.50,26,1,15,10,43,11,771866,7
521,-1.10,-0.27,-1.10,5102.80,1344.50,26,1,15,10,43,15,776867,7
522,-0.86,-0.51,-0.86,5102.80,1344.50,26,1,15,10,43,21,781868,7
523,-1.14,-0.27,-1.14,5102.80,1344.50,26,1,15,10,43,25,786869,7
524,-1.14,-0.35,-1.14,5102.80,1344.50,26,1,15,10,43,31,791870,7
525,-1.10,-0.63,-1.10,5102.80,1344.50,26,1,15,10,43,35,796871,7
526,-6.86,-6.79,-6.86,5102.80,1344.50,26,1,15,10,43,39,800539,1
527,-3.18,-5.14,-3.18,5102.80,1344.50,26,1,15,10,43,41,801873,7
528,-0.51,0.35,-0.51,5102.80,1344.50,26,1,15,10,43,41,802418,1
529,1.77,-2.94,1.77,5102.79,1344.49,26,1,15,10,43,45,805687,1
530,1.22,-4.47,1.22,5102.79,1344.49,26,1,15,10,43,45,806874,7
531,-1.53,-0.31,-1.53,5102.79,1344.49,26,1,15,10,43,45,807549,1
532,-1.29,-1.57,-1.29,5102.79,1344.49,26,1,15,10,43,47,807727,1
533,2.39,-1.10,2.39,5102.79,1344.49,26,1,15,10,43,47,808840,2
534,-2.16,-2.39,-2.16,5102.79,1344.49,26,1,15,10,43,47,809314,1
535,-1.53,0.08,-1.53,5102.78,1344.47,26,1,15,10,43,51,811875,7
536,-2.00,-1.92,-2.00,5102.78,1344.47,26,1,15,10,43,53,815507,1
537,-1.06,-5.02,-1.06,5102.77,1344.46,26,1,15,10,43,55,816876,7
538,0.55,-9.14,0.55,5102.77,1344.46,26,1,15,10,43,55,817096,1
539,0.08,0.16,0.08,5102.77,1344.46,26,1,15,10,43,57,818224,1
540,-3.53,6.04,-3.53,5102.77,1344.46,26,1,15,10,43,57,818283,1
541,-1.26,-2.43,-1.26,5102.76,1344.44,26,1,15,10,44,1,821878,7
542,2.59,-4.24,2.59,5102.76,1344.44,26,1,15,10,44,1,822983,1
543,-0.71,-1.65,-0.71,5102.75,1344.43,26,1,15,10,44,5,826878,7
544,-1.92,-3.80,-1.92,5102.75,1344.43,26,1,15,10,44,5,827456,2
545,-3.02,-0.04,-3.02,5102.75,1344.46,26,1,15,10,44,7,827974,2
546,-4.94,-5.10,-4.94,5102.73,1344.41,26,1,15,10,44,11,831879,7
547,-1.88,-10.24,-1.88,5102.73,1344.41,26,1,15,10,44,11,831941,2
548,-1.92,0.16,-1.92,5102.73,1344.41,26,1,15,10,44,11,832164,2
549,2.71,6.04,2.71,5102.73,1344.41,26,1,15,10,44,11,832405,2
550,1.29,-2.39,1.29,5102.73,1344.41,26,1,15,10,44,11,832936,2
551,-4.24,-3.22,-4.24,5102.72,1344.40,26,1,15,10,44,15,836880,7
552,-1.49,-0.98,-1.49,5102.72,1344.40,26,1,15,10,44,15,837238,2
553,-1.49,5.65,-1.49,5102.72,1344.40,26,1,15,10,44,15,837640,1
554,-1.53,-1.61,-1.53,5102.72,1344.39,26,1,15,10,44,17,837816,2
555,0.55,-2.31,0.55,5102.71,1344.39,26,1,15,10,44,19,841175,2
556,-6.35,2.28,-6.35,5102.71,1344.39,26,1,15,10,44,19,841366,2
557,-2.67,1.29,-2.67,5102.71,1344.38,26,1,15,10,44,21,841881,7
558,-1.49,0.04,-1.49,5102.71,1344.38,26,1,15,10,44,21,842137,1
559,-1.77,-3.37,-1.77,5102.71,1344.38,26,1,15,10,44,21,843304,1
560,-0.78,-4.75,-0.78,5102.71,1344.38,26,1,15,10,44,21,843417,1
561,-2.51,-4.31,-2.51,5102.71,1344.38,26,1,15,10,44,21,843591,1
562,5.88,6.35,5.88,5102.70,1344.36,26,1,15,10,44,25,846869,1
563,5.88,6.35,5.88,5102.70,1344.36,26,1,15,10,44,25,846887,7
564,1.49,-5.41,1.49,5102.70,1344.36,26,1,15,10,44,25,847616,2
565,-2.71,-3.69,-2.71,5102.68,1344.34,26,1,15,10,44,31,851778,1
566,-2.67,-5.65,-2.67,5102.68,1344.34,26,1,15,10,44,31,851887,7
567,-2.28,-4.16,-2.28,5102.68,1344.34,26,1,15,10,44,31,852085,1
568,-2.35,-1.22,-2.35,5102.68,1344.34,26,1,15,10,44,31,852677,1
569,1.10,-2.79,1.10,5102.67,1344.33,26,1,15,10,44,35,856524,1
570,-0.39,-5.30,-0.39,5102.67,1344.33,26,1,15,10,44,35,856889,7
571,-0.55,-3.80,-0.55,5102.66,1344.32,26,1,15,10,44,37,858432,1
572,-2.94,-2.51,-2.94,5102.66,1344.32,26,1,15,10,44,37,858582,1
573,0.16,-2.31,0.16,5102.66,1344.31,26,1,15,10,44,39,861473,1
574,-2.79,0.82,-2.79,5102.66,1344.31,26,1,15,10,44,39,861668,1
575,-0.20,-5.45,-0.20,5102.65,1344.31,26,1,15,10,44,41,861889,7
576,-1.53,0.08,-1.53,5102.65,1344.31,26,1,15,10,44,41,862365,2
577,0.43,-2.71,0.43,5102.64,1344.29,26,1,15,10,44,45,866566,1
578,-2.31,-2.28,-2.31,5102.64,1344.29,26,1,15,10,44,45,866654,1
579,-0.31,-6.16,-0.31,5102.64,1344.29,26,1,15,10,44,45,866890,7
580,-0.39,-5.84,-0.39,5102.64,1344.28,26,1,15,10,44,47,869120,1
581,-2.39,2.04,-2.39,5102.63,1344.27,26,1,15,10,44,51,871878,2
582,-2.39,2.04,-2.39,5102.63,1344.27,26,1,15,10,44,51,871899,7
583,0.12,0.67,0.12,5102.63,1344.27,26,1,15,10,44,51,873086,1
584,0.78,-1.22,0.78,5102.63,1344.27,26,1,15,10,44,51,873317,1
585,3.26,-2.16,3.26,5102.62,1344.26,26,1,15,10,44,53,874913,1
586,1.77,-5.88,1.77,5102.62,1344.26,26,1,15,10,44,55,876901,7
587,0.16,-2.00,0.16,5102.61,1344.25,26,1,15,10,44,57,878689,1
588,-2.28,-1.73,-2.28,5102.61,1344.24,26,1,15,10,44,59,880768,1
589,-3.26,-4.12,-3.26,5102.60,1344.24,26,1,15,10,45,1,881902,7
590,-2.51,-1.06,-2.51,5102.60,1344.24,26,1,15,10,45,1,883027,1
591,-1.41,-2.31,-1.41,5102.60,1344.24,26,1,15,10,45,1,883120,1
592,-1.77,-1.14,-1.77,5102.60,1344.24,26,1,15,10,45,1,883631,2
593,-0.24,-0.67,-0.24,5102.60,1344.23,26,1,15,10,45,3,883771,2
594,1.33,-1.88,1.33,5102.60,1344.23,26,1,15,10,45,3,883909,2
595,-1.77,-2.08,-1.77,5102.59,1344.22,26,1,15,10,45,5,886904,7
596,-0.86,-4.90,-0.86,5102.59,1344.22,26,1,15,10,45,5,886991,1
597,1.77,-0.24,1.77,5102.58,1344.21,26,1,15,10,45,9,889767,1
598,-1.57,-1.02,-1.57,5102.58,1344.21,26,1,15,10,45,9,891707,2
599,0.43,-7.41,0.43,5102.57,1344.21,26,1,15,10,45,11,891905,7
600,-2.55,0.31,-2.55,5102.57,1344.21,26,1,15,10,45,11,892659,2
601,1.06,-3.77,1.06,5102.57,1344.21,26,1,15,10,45,11,893185,1
602,0.75,-6.20,0.75,5102.57,1344.20,26,1,15,10,45,13,895457,1
603,-0.78,-2.12,-0.78,5102.56,1344.19,26,1,15,10,45,15,896472,1
604,-0.90,0.00,-0.90,5102.56,1344.19,26,1,15,10,45,15,896906,7
605,0.27,-8.55,0.27,5102.56,1344.19,26,1,15,10,45,15,897166,1
606,-0.75,-0.86,-0.75,5102.55,1344.18,26,1,15,10,45,19,900332,1
607,0.43,0.12,0.43,5102.55,1344.18,26,1,15,10,45,19,900398,2
608,-20.01,20.01,-20.01,5102.55,1344.18,26,1,15,10,45,21,901907,7
609,0.86,-2.16,0.86,5102.55,1344.18,26,1,15,10,45,21,903422,1
610,-1.22,-12.51,-1.22,5102.54,1344.17,26,1,15,10,45,25,905862,1
611,4.47,-1.22,4.47,5102.54,1344.17,26,1,15,10,45,25,906467,1
612,1.29,-4.98,1.29,5102.54,1344.17,26,1,15,10,45,25,906909,7
613,0.39,2.35,0.39,5102.53,1344.16,26,1,15,10,45,27,908120,1
614,-2.24,-1.53,-2.24,5102.53,1344.16,26,1,15,10,45,27,908887,1
615,0.51,-2.12,0.51,5102.53,1344.16,26,1,15,10,45,27,909067,1
616,0.16,-0.86,0.16,5102.53,1344.16,26,1,15,10,45,27,909130,1
617,0.51,-1.61,0.51,5102.53,1344.16,26,1,15,10,45,27,909642,1
618,-0.04,-0.59,-0.04,5102.52,1344.15,26,1,15,10,45,31,911909,7
619,-2.71,-0.90,-2.71,5102.52,1344.15,26,1,15,10,45,33,915704,1
620,1.26,4.24,1.26,5102.51,1344.14,26,1,15,10,45,35,916671,1
621,-2.82,1.41,-2.82,5102.51,1344.14,26,1,15,10,45,35,916910,7
622,-2.63,-2.94,-2.63,5102.50,1344.13,26,1,15,10,45,41,921912,7
623,0.08,-0.59,0.08,5102.49,1344.12,26,1,15,10,45,45,926914,7
624,-0.04,-5.41,-0.04,5102.49,1344.12,26,1,15,10,45,47,928782,2
625,1.37,-1.88,1.37,5102.48,1344.11,26,1,15,10,45,51,931916,7
626,-0.78,-1.14,-0.78,5102.47,1344.10,26,1,15,10,45,55,936916,7
627,0.27,-2.28,0.27,5102.46,1344.09,26,1,15,10,46,1,941918,7
628,-2.71,-3.30,-2.71,5102.45,1344.08,26,1,15,10,46,5,946919,7
629,-0.16,0.82,-0.16,5102.45,1344.08,26,1,15,10,46,7,949522,1
630,-2.24,-0.43,-2.24,5102.45,1344.08,26,1,15,10,46,7,949702,1
631,-1.53,-20.01,-1.53,5102.45,1344.08,26,1,15,10,46,7,949784,1
632,0.35,-1.77,0.35,5102.44,1344.07,26,1,15,10,46,11,951920,7
633,-1.96,0.39,-1.96,5102.44,1344.07,26,1,15,10,46,11,952819,1
634,2.94,-1.96,2.94,5102.44,1344.07,26,1,15,10,46,13,954496,1
635,1.10,-4.59,1.10,5102.44,1344.07,26,1,15,10,46,13,954806,2
636,-1.88,-1.92,-1.88,5102.43,1344.06,26,1,15,10,46,15,955964,2
637,-2.59,-1.84,-2.59,5102.43,1344.06,26,1,15,10,46,15,956922,7
638,-0.78,-0.04,-0.78,5102.43,1344.06,26,1,15,10,46,19,960899,1
639,0.82,-0.94,0.82,5102.42,1344.05,26,1,15,10,46,22,961923,7
640,-0.90,-4.28,-0.90,5102.42,1344.05,26,1,15,10,46,23,964199,1
641,-1.02,2.00,-1.02,5102.42,1344.05,26,1,15,10,46,23,964423,1
642,0.20,-5.26,0.20,5102.41,1344.04,26,1,15,10,46,26,966924,7
643,-0.67,-4.55,-0.67,5102.40,1344.04,26,1,15,10,46,30,970820,2
644,0.47,-0.31,0.47,5102.40,1344.03,26,1,15,10,46,32,971925,7
645,-0.31,-1.69,-0.31,5102.39,1344.03,26,1,15,10,46,35,976926,7
646,-1.02,-4.67,-1.02,5102.39,1344.02,26,1,15,10,46,37,979721,1
647,15.85,-7.69,15.85,5102.38,1344.02,26,1,15,10,46,39,979894,1
648,-3.26,-12.59,-3.26,5102.38,1344.02,26,1,15,10,46,39,979951,2
649,1.73,1.69,1.73,5102.38,1344.02,26,1,15,10,46,39,980047,2
650,-0.31,-2.24,-0.31,5102.37,1344.01,26,1,15,10,46,42,981927,7
651,-3.33,-5.26,-3.33,5102.36,1344.00,26,1,15,10,46,46,986929,7
652,-1.18,-17.42,-1.18,5102.36,1344.00,26,1,15,10,46,50,990979,1
653,2.82,-2.20,2.82,5102.36,1344.00,26,1,15,10,46,50,991048,1
654,1.33,-5.10,1.33,5102.36,1344.00,26,1,15,10,46,50,991434,1
655,-1.61,-4.43,-1.61,5102.36,1343.99,26,1,15,10,46,51,991931,7
656,0.43,-5.37,0.43,5102.35,1344.00,26,1,15,10,46,53,994689,1
657,2.67,-14.24,2.67,5102.35,1343.99,26,1,15,10,46,55,996400,1
658,14.83,-16.44,14.83,5102.35,1343.99,26,1,15,10,46,55,996527,2
659,2.24,1.69,2.24,5102.35,1343.99,26,1,15,10,46,55,996699,1
660,14.67,-20.01,14.67,5102.35,1343.99,26,1,15,10,46,55,996755,1
661,-1.22,-0.67,-1.22,5102.35,1343.99,26,1,15,10,46,55,996932,7
662,-1.92,2.16,-1.92,5102.34,1343.99,26,1,15,10,46,58,998352,1
663,-2.79,-5.49,-2.79,5102.34,1343.99,26,1,15,10,46,58,998460,1
664,-7.26,-2.00,-7.26,5102.34,1343.99,26,1,15,10,46,58,999147,1
665,-1.26,-0.16,-1.26,5102.33,1343.99,26,1,15,10,47,0,1000260,2
666,3.14,-2.86,3.14,5102.33,1343.99,26,1,15,10,47,0,1000681,1
667,-1.49,-2.47,-1.49,5102.33,1343.99,26,1,15,10,47,0,1001129,2
668,1.02,-1.14,1.02,5102.33,1343.99,26,1,15,10,47,0,1001381,1
669,-1.49,-4.31,-1.49,5102.33,1343.99,26,1,15,10,47,0,1001686,2
670,-0.94,-4.79,-0.94,5102.33,1343.99,26,1,15,10,47,0,1001776,1
671,-2.55,-2.55,-2.55,5102.33,1343.98,26,1,15,10,47,1,1001933,7
672,-1.41,17.34,-1.41,5102.33,1343.98,26,1,15,10,47,1,1002329,2
673,0.08,-3.80,0.08,5102.32,1343.97,26,1,15,10,47,6,1006935,7
674,-2.00,-1.29,-2.00,5102.32,1343.97,26,1,15,10,47,8,1009107,2
675,-1.96,-7.22,-1.96,5102.31,1343.97,26,1,15,10,47,12,1011936,7
676,-8.90,-4.28,-8.90,5102.31,1343.97,26,1,15,10,47,12,1012235,1
677,2.51,-0.71,2.51,5102.30,1343.96,26,1,15,10,47,16,1016937,7
678,-2.43,-0.55,-2.43,5102.30,1343.96,26,1,15,10,47,16,1017142,1
679,-1.73,-4.04,-1.73,5102.29,1343.96,26,1,15,10,47,20,1021815,2
680,1.49,-0.71,1.49,5102.29,1343.96,26,1,15,10,47,21,1021938,7
681,-0.86,-2.86,-0.86,5102.28,1343.95,26,1,15,10,47,24,1024136,2
682,-1.41,-4.24,-1.41,5102.28,1343.95,26,1,15,10,47,26,1026939,7
683,-0.98,0.43,-0.98,5102.26,1343.94,26,1,15,10,47,32,1031940,7
684,0.16,0.75,0.16,5102.26,1343.94,26,1,15,10,47,34,1034344,1
685,-1.02,-2.86,-1.02,5102.25,1343.94,26,1,15,10,47,36,1036941,7
686,-1.92,0.08,-1.92,5102.24,1343.94,26,1,15,10,47,40,1040129,1
687,-1.45,-5.65,-1.45,5102.24,1343.93,26,1,15,10,47,42,1041942,7
688,-1.49,-1.80,-1.49,5102.23,1343.93,26,1,15,10,47,46,1046943,7
689,-3.18,-0.71,-3.18,5102.21,1343.92,26,1,15,10,47,52,1051944,7
690,2.55,-4.47,2.55,5102.20,1343.92,26,1,15,10,47,56,1056946,7
691,0.63,-0.35,0.63,5102.19,1343.91,26,1,15,10,48,2,1061947,7
692,0.98,-6.20,0.98,5102.18,1343.91,26,1,15,10,48,6,1066947,7
693,3.22,2.28,3.22,5102.16,1343.90,26,1,15,10,48,12,1071918,2
694,-1.57,-3.06,-1.57,5102.16,1343.90,26,1,15,10,48,12,1071968,7
695,-0.63,-3.45,-0.63,5102.15,1343.89,26,1,15,10,48,16,1076968,7
696,-0.86,-3.06,-0.86,5102.15,1343.89,26,1,15,10,48,18,1077936,2
697,-0.24,-4.67,-0.24,5102.14,1343.88,26,1,15,10,48,22,1081970,7
698,-1.96,-4.94,-1.96,5102.13,1343.88,26,1,15,10,48,24,1084294,2
699,-1.77,-3.14,-1.77,5102.13,1343.88,26,1,15,10,48,24,1084412,2
700,1.37,-1.65,1.37,5102.13,1343.88,26,1,15,10,48,24,1084761,2
701,-2.79,-0.63,-2.79,5102.13,1343.88,26,1,15,10,48,26,1086853,1
702,-2.94,-2.47,-2.94,5102.13,1343.88,26,1,15,10,48,26,1086971,7
703,3.69,-1.61,3.69,5102.13,1343.88,26,1,15,10,48,26,1087736,2
704,0.67,0.16,0.67,5102.12,1343.88,26,1,15,10,48,28,1087954,1
705,2.75,-2.55,2.75,5102.11,1343.87,26,1,15,10,48,32,1091968,1
706,2.75,-2.55,2.75,5102.11,1343.87,26,1,15,10,48,32,1091988,7
707,-0.12,-0.43,-0.12,5102.11,1343.87,26,1,15,10,48,32,1092444,2
708,-2.08,1.96,-2.08,5102.11,1343.87,26,1,15,10,48,32,1093094,2
709,-0.31,-0.55,-0.31,5102.10,1343.87,26,1,15,10,48,36,1096989,7
710,-0.12,-2.20,-0.12,5102.10,1343.87,26,1,15,10,48,36,1097533,1
711,-0.90,-3.84,-0.90,5102.09,1343.86,26,1,15,10,48,42,1101990,7
712,-2.90,-1.88,-2.90,5102.09,1343.86,26,1,15,10,48,42,1103036,1
713,-0.16,-5.10,-0.16,5102.08,1343.85,26,1,15,10,48,44,1105453,1
714,-0.75,-1.53,-0.75,5102.08,1343.85,26,1,15,10,48,46,1106991,7
715,-2.16,-1.37,-2.16,5102.07,1343.85,26,1,15,10,48,52,1111992,7
716,-0.98,0.04,-0.98,5102.07,1343.85,26,1,15,10,48,56,1116993,7
717,-0.39,-0.90,-0.39,5102.07,1343.85,26,1,15,10,49,0,1121909,2
718,-0.35,-6.39,-0.35,5102.07,1343.85,26,1,15,10,49,2,1121979,2
719,-0.35,-6.39,-0.35,5102.07,1343.85,26,1,15,10,49,2,1122018,7
720,-1.14,-2.63,-1.14,5102.07,1343.85,26,1,15,10,49,6,1127019,7
721,0.86,-3.92,0.86,5102.07,1343.85,26,1,15,10,49,6,1127151,1
722,2.59,6.55,2.59,5102.06,1343.85,26,1,15,10,49,12,1132020,7
723,0.47,-5.53,0.47,5102.05,1343.84,26,1,15,10,49,16,1137021,7
724,-1.53,-2.00,-1.53,5102.04,1343.84,26,1,15,10,49,22,1142022,7
725,-0.67,-0.86,-0.67,5102.04,1343.83,26,1,15,10,49,26,1147023,7
726,-1.22,0.20,-1.22,5102.03,1343.83,26,1,15,10,49,32,1152024,7
727,1.41,-2.63,1.41,5102.02,1343.82,26,1,15,10,49,36,1157025,7
728,-0.04,-0.63,-0.04,5102.01,1343.82,26,1,15,10,49,42,1162027,7
729,-1.45,-3.37,-1.45,5102.01,1343.82,26,1,15,10,49,46,1167027,7
730,-1.26,-2.35,-1.26,5102.00,1343.81,26,1,15,10,49,50,1171702,1
731,1.18,-2.35,1.18,5102.00,1343.81,26,1,15,10,49,52,1172028,7
732,-0.04,2.12,-0.04,5102.00,1343.81,26,1,15,10,49,52,1173347,2
733,-0.82,0.31,-0.82,5101.99,1343.80,26,1,15,10,49,56,1177030,7
734,1.26,-4.16,1.26,5101.99,1343.80,26,1,15,10,50,0,1180264,1
735,0.71,-4.35,0.71,5101.99,1343.80,26,1,15,10,50,0,1180376,1
736,0.75,0.82,0.75,5101.98,1343.79,26,1,15,10,50,2,1182032,7
737,-1.57,-1.69,-1.57,5101.98,1343.79,26,1,15,10,50,6,1187032,7
738,2.08,-1.10,2.08,5101.98,1343.79,26,1,15,10,50,8,1188193,2
739,-0.24,-4.63,-0.24,5101.97,1343.78,26,1,15,10,50,12,1192033,7
740,0.43,-5.49,0.43,5101.97,1343.77,26,1,15,10,50,14,1194937,1
741,0.08,-1.14,0.08,5101.97,1343.77,26,1,15,10,50,14,1195025,1
742,-0.27,4.63,-0.27,5101.97,1343.77,26,1,15,10,50,14,1195092,1
743,0.90,0.08,0.90,5101.97,1343.77,26,1,15,10,50,16,1196183,1
744,-2.24,-0.78,-2.24,5101.97,1343.77,26,1,15,10,50,16,1197034,7
745,-1.57,-2.28,-1.57,5101.96,1343.76,26,1,15,10,50,20,1201497,1
746,-1.37,0.31,-1.37,5101.96,1343.75,26,1,15,10,50,22,1202035,7
747,0.55,-0.24,0.55,5101.96,1343.75,26,1,15,10,50,26,1207036,7
748,-4.00,-0.90,-4.00,5101.96,1343.74,26,1,15,10,50,30,1211789,1
749,-0.90,-0.12,-0.90,5101.96,1343.73,26,1,15,10,50,32,1212038,7
750,-9.89,-17.18,-9.89,5101.96,1343.73,26,1,15,10,50,32,1212172,1
751,-0.31,-7.30,-0.31,5101.96,1343.73,26,1,15,10,50,32,1212281,2
752,-1.69,0.82,-1.69,5101.95,1343.72,26,1,15,10,50,36,1216433,1
753,0.04,-3.49,0.04,5101.95,1343.72,26,1,15,10,50,36,1217039,7
754,-0.27,-2.28,-0.27,5101.95,1343.72,26,1,15,10,50,36,1217762,2
755,-0.47,-1.84,-0.47,5101.95,1343.72,26,1,15,10,50,38,1218068,1
756,1.45,-8.00,1.45,5101.95,1343.71,26,1,15,10,50,40,1221043,1
757,-1.45,-2.90,-1.45,5101.95,1343.71,26,1,15,10,50,42,1222040,7
758,0.90,-1.65,0.90,5101.94,1343.70,26,1,15,10,50,46,1227042,7
759,-1.26,-0.71,-1.26,5101.94,1343.69,26,1,15,10,50,52,1232044,7
760,-1.49,-0.59,-1.49,5101.94,1343.68,26,1,15,10,50,56,1237045,7
761,-0.59,-0.35,-0.59,5101.93,1343.67,26,1,15,10,51,2,1242046,7
762,-1.18,-4.39,-1.18,5101.93,1343.66,26,1,15,10,51,6,1247047,7
763,-3.41,-1.96,-3.41,5101.93,1343.66,26,1,15,10,51,6,1247856,2
764,-2.55,-3.10,-2.55,5101.93,1343.65,26,1,15,10,51,8,1248411,2
765,-0.20,-4.47,-0.20,5101.92,1343.64,26,1,15,10,51,12,1252048,7
766,-1.84,-5.53,-1.84,5101.92,1343.64,26,1,15,10,51,14,1254521,1
767,0.24,-3.02,0.24,5101.92,1343.63,26,1,15,10,51,16,1257049,7
768,0.12,-5.77,0.12,5101.92,1343.63,26,1,15,10,51,18,1259003,1
769,-1.92,-1.14,-1.92,5101.92,1343.62,26,1,15,10,51,22,1262051,7
770,-2.08,-0.24,-2.08,5101.92,1343.61,26,1,15,10,51,26,1267052,7
771,-1.26,0.67,-1.26,5101.92,1343.61,26,1,15,10,51,32,1272052,7
772,-1.33,0.47,-1.33,5101.92,1343.61,26,1,15,10,51,36,1277053,7
773,-1.61,0.71,-1.61,5101.92,1343.61,26,1,15,10,51,40,1282054,7
774,-1.37,0.63,-1.37,5101.92,1343.61,26,1,15,10,51,46,1287055,7
775,-1.41,0.47,-1.41,5101.92,1343.61,26,1,15,10,51,50,1292057,7
776,-1.53,0.47,-1.53,5101.92,1343.61,26,1,15,10,51,56,1297058,7
777,-1.41,0.55,-1.41,5101.92,1343.61,26,1,15,10,52,0,1302060,7
778,-1.37,0.59,-1.37,5101.92,1343.61,26,1,15,10,52,6,1307062,7
779,-1.33,0.51,-1.33,5101.92,1343.61,26,1,15,10,52,10,1312064,7
780,-1.26,0.67,-1.26,5101.92,1343.61,26,1,15,10,52,16,1317064,7
781,-1.65,1.53,-1.65,5101.92,1343.61,26,1,15,10,52,20,1322066,7
782,-0.71,-3.30,-0.71,5101.92,1343.61,26,1,15,10,52,26,1327067,7
783,-0.12,-2.59,-0.12,5101.92,1343.61,26,1,15,10,52,28,1328216,1
784,4.98,-2.12,4.98,5101.92,1343.61,26,1,15,10,52,28,1329205,1
785,0.63,-1.92,0.63,5101.92,1343.61,26,1,15,10,52,30,1332068,7
786,5.30,-7.57,5.30,5101.92,1343.60,26,1,15,10,52,32,1332499,1
787,2.35,-5.26,2.35,5101.92,1343.60,26,1,15,10,52,32,1333328,1
788,3.73,-3.61,3.73,5101.92,1343.60,26,1,15,10,52,32,1333687,2
789,1.92,14.67,1.92,5101.91,1343.60,26,1,15,10,52,34,1334633,2
790,-2.86,0.43,-2.86,5101.91,1343.60,26,1,15,10,52,34,1334691,2
791,-10.16,6.63,-10.16,5101.91,1343.60,26,1,15,10,52,34,1335146,2
792,-12.98,12.98,-12.98,5101.91,1343.60,26,1,15,10,52,34,1335803,2
793,0.16,-11.96,0.16,5101.91,1343.60,26,1,15,10,52,34,1336059,2
794,-8.16,17.73,-8.16,5101.91,1343.60,26,1,15,10,52,36,1336259,2
795,-1.02,-0.78,-1.02,5101.91,1343.60,26,1,15,10,52,36,1336436,2
796,20.01,16.08,20.01,5101.91,1343.60,26,1,15,10,52,36,1336539,1
797,6.83,-8.67,6.83,5101.91,1343.60,26,1,15,10,52,36,1336858,1
798,0.55,1.73,0.55,5101.91,1343.60,26,1,15,10,52,36,1337069,7
799,2.20,-13.30,2.20,5101.91,1343.60,26,1,15,10,52,36,1337373,1
800,8.79,-13.81,8.79,5101.91,1343.60,26,1,15,10,52,36,1337434,1
801,8.12,-14.08,8.12,5101.91,1343.60,26,1,15,10,52,36,1337610,2
802,1.73,0.31,1.73,5101.91,1343.60,26,1,15,10,52,36,1337663,1
803,0.04,4.51,0.04,5101.91,1343.60,26,1,15,10,52,36,1337790,2
804,-0.59,-2.39,-0.59,5101.91,1343.59,26,1,15,10,52,40,1340218,1
805,2.59,-3.26,2.59,5101.91,1343.59,26,1,15,10,52,40,1340395,1
806,0.71,4.51,0.71,5101.91,1343.59,26,1,15,10,52,40,1340610,2
807,-3.88,4.12,-3.88,5101.91,1343.59,26,1,15,10,52,40,1341499,1
808,-2.08,-1.53,-2.08,5101.91,1343.59,26,1,15,10,52,40,1341961,2
809,0.51,-9.69,0.51,5101.91,1343.59,26,1,15,10,52,40,1342070,7
810,-0.94,-0.82,-0.94,5101.90,1343.58,26,1,15,10,52,42,1342837,2
811,4.86,-17.57,4.86,5101.90,1343.58,26,1,15,10,52,42,1342972,1
812,-0.51,1.49,-0.51,5101.90,1343.58,26,1,15,10,52,42,1343492,2
813,1.18,8.79,1.18,5101.90,1343.58,26,1,15,10,52,42,1343659,2
814,-11.45,4.75,-11.45,5101.90,1343.58,26,1,15,10,52,44,1344149,2
815,0.51,-10.08,0.51,5101.90,1343.58,26,1,15,10,52,44,1344823,2
816,2.00,4.04,2.00,5101.90,1343.58,26,1,15,10,52,44,1345166,1
817,-2.86,0.82,-2.86,5101.90,1343.58,26,1,15,10,52,44,1345546,2
818,0.98,-2.28,0.98,5101.90,1343.58,26,1,15,10,52,46,1347072,7
819,0.35,-1.41,0.35,5101.89,1343.57,26,1,15,10,52,50,1351966,2
820,1.84,-5.22,1.84,5101.89,1343.57,26,1,15,10,52,50,1352072,7
821,-0.51,2.31,-0.51,5101.89,1343.56,26,1,15,10,52,56,1357073,7
822,-0.20,-1.96,-0.20,5101.89,1343.55,26,1,15,10,52,58,1359778,1
823,-1.69,-1.06,-1.69,5101.88,1343.55,26,1,15,10,53,0,1361065,1
824,-0.82,-5.53,-0.82,5101.88,1343.55,26,1,15,10,53,0,1361773,2
825,-0.82,-3.37,-0.82,5101.88,1343.55,26,1,15,10,53,0,1362074,7
826,-0.86,-1.37,-0.86,5101.88,1343.55,26,1,15,10,53,0,1362144,1
827,-0.67,-2.39,-0.67,5101.88,1343.54,26,1,15,10,53,2,1362451,1
828,-4.63,-0.39,-4.63,5101.88,1343.54,26,1,15,10,53,2,1363208,1
829,1.65,1.22,1.65,5101.88,1343.54,26,1,15,10,53,2,1364191,1
830,-2.63,-3.65,-2.63,5101.88,1343.54,26,1,15,10,53,4,1364905,2
831,1.06,-1.69,1.06,5101.88,1343.54,26,1,15,10,53,4,1365136,2
832,8.71,6.83,8.71,5101.88,1343.54,26,1,15,10,53,4,1365368,2
833,0.71,-4.39,0.71,5101.88,1343.54,26,1,15,10,53,4,1365437,1
834,4.16,-6.67,4.16,5101.88,1343.54,26,1,15,10,53,4,1365532,2
835,-1.26,2.20,-1.26,5101.88,1343.53,26,1,15,10,53,6,1367075,7
836,-6.28,-0.51,-6.28,5101.88,1343.53,26,1,15,10,53,8,1369342,1
837,-0.24,-1.37,-0.24,5101.88,1343.53,26,1,15,10,53,8,1369423,2
838,1.02,-0.67,1.02,5101.88,1343.53,26,1,15,10,53,8,1369730,1
839,-1.65,-4.55,-1.65,5101.88,1343.52,26,1,15,10,53,10,1372076,7
840,-4.39,1.92,-4.39,5101.88,1343.52,26,1,15,10,53,12,1372374,1
841,-1.37,0.00,-1.37,5101.87,1343.51,26,1,15,10,53,14,1374510,2
842,-1.57,-0.71,-1.57,5101.87,1343.51,26,1,15,10,53,14,1374606,2
843,-1.45,-2.04,-1.45,5101.87,1343.51,26,1,15,10,53,14,1374892,1
844,-0.55,-1.06,-0.55,5101.87,1343.51,26,1,15,10,53,16,1377078,7
845,-1.45,-4.31,-1.45,5101.87,1343.50,26,1,15,10,53,18,1379240,1
846,-4.04,4.94,-4.04,5101.87,1343.49,26,1,15,10,53,20,1381975,1
847,-0.27,3.10,-0.27,5101.87,1343.49,26,1,15,10,53,20,1382079,7
848,-1.84,-1.14,-1.84,5101.86,1343.48,26,1,15,10,53,24,1384676,2
849,-1.37,-1.88,-1.37,5101.86,1343.48,26,1,15,10,53,24,1385709,2
850,-1.45,-1.41,-1.45,5101.86,1343.48,26,1,15,10,53,26,1387079,7
851,-1.65,-1.26,-1.65,5101.86,1343.47,26,1,15,10,53,28,1389743,2
852,0.98,-0.43,0.98,5101.86,1343.47,26,1,15,10,53,30,1392081,7
853,-5.26,-0.94,-5.26,5101.85,1343.46,26,1,15,10,53,32,1393131,2
854,-15.61,14.20,-15.61,5101.85,1343.46,26,1,15,10,53,32,1393566,1
855,-1.37,-4.43,-1.37,5101.85,1343.46,26,1,15,10,53,32,1394018,1
856,-0.55,0.47,-0.55,5101.85,1343.46,26,1,15,10,53,36,1397081,7
857,0.82,-0.78,0.82,5101.84,1343.46,26,1,15,10,53,40,1402083,7
858,-2.71,-1.53,-2.71,5101.83,1343.46,26,1,15,10,53,46,1407084,7
859,-2.82,2.67,-2.82,5101.82,1343.47,26,1,15,10,53,48,1409084,2
860,-2.71,-1.77,-2.71,5101.82,1343.47,26,1,15,10,53,48,1409429,2
861,0.47,-3.84,0.47,5101.82,1343.47,26,1,15,10,53,48,1409584,1
862,-1.45,-3.41,-1.45,5101.82,1343.47,26,1,15,10,53,48,1409760,1
863,0.78,-4.39,0.78,5101.82,1343.47,26,1,15,10,53,50,1412085,7
864,-1.77,8.51,-1.77,5101.81,1343.47,26,1,15,10,53,54,1415529,1
865,-2.28,0.35,-2.28,5101.81,1343.47,26,1,15,10,53,56,1417086,7
866,-1.45,1.02,-1.45,5101.80,1343.47,26,1,15,10,53,58,1418340,1
867,0.55,-0.12,0.55,5101.80,1343.47,26,1,15,10,54,0,1422088,7
868,-0.47,-5.84,-0.47,5101.79,1343.48,26,1,15,10,54,6,1427085,1
869,-0.47,-5.84,-0.47,5101.79,1343.48,26,1,15,10,54,6,1427106,7
870,-0.78,-4.20,-0.78,5101.78,1343.48,26,1,15,10,54,10,1432109,7
871,-0.35,-3.33,-0.35,5101.77,1343.48,26,1,15,10,54,14,1434694,2
872,-1.10,1.22,-1.10,5101.77,1343.48,26,1,15,10,54,16,1437111,7
873,-1.29,-3.22,-1.29,5101.76,1343.48,26,1,15,10,54,20,1442113,7
874,-5.41,0.51,-5.41,5101.76,1343.48,26,1,15,10,54,22,1443173,2
875,-2.94,-18.75,-2.94,5101.76,1343.48,26,1,15,10,54,22,1443585,2
876,-1.41,-0.94,-1.41,5101.76,1343.48,26,1,15,10,54,22,1444023,1
877,-0.51,-12.71,-0.51,5101.75,1343.48,26,1,15,10,54,26,1447113,7
878,1.53,-1.29,1.53,5101.75,1343.48,26,1,15,10,54,26,1448162,2
879,-6.63,-7.53,-6.63,5101.75,1343.48,26,1,15,10,54,28,1448438,2
880,-2.86,-3.96,-2.86,5101.75,1343.48,26,1,15,10,54,28,1448801,2
881,0.98,-6.86,0.98,5101.75,1343.48,26,1,15,10,54,28,1448923,1
882,-5.57,-13.34,-5.57,5101.75,1343.48,26,1,15,10,54,28,1449636,1
883,-1.69,-2.28,-1.69,5101.75,1343.48,26,1,15,10,54,28,1450053,1
884,1.77,-1.06,1.77,5101.75,1343.48,26,1,15,10,54,28,1450203,1
885,-0.59,-7.92,-0.59,5101.75,1343.48,26,1,15,10,54,30,1450380,1
886,0.63,5.30,0.63,5101.75,1343.48,26,1,15,10,54,30,1450445,2
887,0.16,-8.67,0.16,5101.75,1343.48,26,1,15,10,54,30,1452114,7
888,-1.41,-1.02,-1.41,5101.75,1343.47,26,1,15,10,54,36,1457115,7
889,-2.55,-18.20,-2.55,5101.75,1343.47,26,1,15,10,54,36,1457421,2
890,-0.75,2.67,-0.75,5101.75,1343.47,26,1,15,10,54,36,1457503,1
891,-0.59,-2.82,-0.59,5101.75,1343.47,26,1,15,10,54,40,1462116,7
892,-0.82,-2.82,-0.82,5101.75,1343.47,26,1,15,10,54,46,1467117,7
893,-0.51,-0.31,-0.51,5101.75,1343.47,26,1,15,10,54,50,1472118,7
894,-0.47,-2.94,-0.47,5101.75,1343.47,26,1,15,10,54,56,1477120,7
