1,-0.47,-5.57,-0.47,0.00,0.00,0,0,0,0,0,0,6665,7
2,-1.10,-4.08,-1.10,5103.79,1344.89,19,2,15,12,56,4,11666,7
3,-0.86,-4.55,-0.86,5103.78,1344.90,19,2,15,12,56,8,16667,7
4,-0.86,-4.59,-0.86,5103.79,1344.89,19,2,15,12,56,15,21669,7
5,-3.30,1.22,-3.30,5103.79,1344.90,19,2,15,12,56,19,25895,3
6,-1.02,1.61,-1.02,5103.79,1344.90,19,2,15,12,56,19,25947,3
7,-0.16,-2.20,-0.16,5103.79,1344.90,19,2,15,12,56,19,26669,7
8,-0.08,-2.98,-0.08,5103.79,1344.90,19,2,15,12,56,25,31670,7
9,-1.45,-8.59,-1.45,5103.79,1344.90,19,2,15,12,56,29,36671,7
10,2.67,-14.55,2.67,5103.81,1344.91,19,2,15,12,56,35,40742,1
11,3.45,-18.83,3.45,5103.81,1344.91,19,2,15,12,56,35,40824,3
12,-0.24,-7.18,-0.24,5103.81,1344.91,19,2,15,12,56,35,41672,7
13,-1.61,-3.61,-1.61,5103.81,1344.91,19,2,15,12,56,39,46674,7
14,-3.84,-2.51,-3.84,5103.81,1344.91,19,2,15,12,56,45,51675,7
15,-1.88,-3.77,-1.88,5103.80,1344.91,19,2,15,12,56,49,56676,7
16,-1.22,-5.49,-1.22,5103.80,1344.92,19,2,15,12,56,55,61677,7
17,1.37,-2.75,1.37,5103.80,1344.92,19,2,15,12,56,59,66526,2
18,1.14,-5.37,1.14,5103.80,1344.92,19,2,15,12,56,59,66679,7
19,-1.26,-5.53,-1.26,5103.79,1344.92,19,2,15,12,57,5,71680,7
20,0.67,-3.41,0.67,5103.79,1344.92,19,2,15,12,57,5,72328,1
21,-3.41,-3.84,-3.41,5103.79,1344.92,19,2,15,12,57,7,73044,3
22,0.47,-6.75,0.47,5103.78,1344.93,19,2,15,12,57,9,76680,7
23,-1.96,-3.49,-1.96,5103.77,1344.93,19,2,15,12,57,13,79140,1
24,-0.04,0.63,-0.04,5103.77,1344.94,19,2,15,12,57,15,80935,3
25,0.94,-5.06,0.94,5103.77,1344.94,19,2,15,12,57,15,81682,7
26,1.41,-0.71,1.41,5103.77,1344.94,19,2,15,12,57,15,81893,2
27,0.82,-6.98,0.82,5103.76,1344.94,19,2,15,12,57,19,86683,7
28,0.67,-1.96,0.67,5103.74,1344.96,19,2,15,12,57,25,91539,2
29,-0.08,-4.47,-0.08,5103.74,1344.96,19,2,15,12,57,25,91684,7
30,-2.31,-1.88,-2.31,5103.73,1344.96,19,2,15,12,57,29,96686,7
31,-0.94,-5.06,-0.94,5103.72,1344.98,19,2,15,12,57,35,101686,7
32,5.53,-0.31,5.53,5103.72,1344.98,19,2,15,12,57,35,101881,2
33,1.69,12.36,1.69,5103.71,1344.98,19,2,15,12,57,37,104456,1
34,2.90,4.08,2.90,5103.71,1344.99,19,2,15,12,57,39,106687,7
35,-0.43,-3.18,-0.43,5103.70,1344.99,19,2,15,12,57,41,106925,1
36,-3.96,-2.24,-3.96,5103.70,1344.99,19,2,15,12,57,41,107723,1
37,1.61,-6.71,1.61,5103.69,1345.00,19,2,15,12,57,45,111689,7
38,0.55,-4.00,0.55,5103.69,1345.00,19,2,15,12,57,45,112069,1
39,-0.47,-7.10,-0.47,5103.68,1345.00,19,2,15,12,57,47,112900,2
40,1.96,7.88,1.96,5103.68,1345.00,19,2,15,12,57,47,113740,2
41,-1.10,-3.45,-1.10,5103.68,1345.01,19,2,15,12,57,49,115604,2
42,1.69,-8.00,1.69,5103.68,1345.01,19,2,15,12,57,49,116689,7
43,0.55,0.59,0.55,5103.67,1345.01,19,2,15,12,57,51,117944,2
44,-0.78,0.20,-0.78,5103.67,1345.01,19,2,15,12,57,51,118199,2
45,-1.29,-2.90,-1.29,5103.67,1345.01,19,2,15,12,57,51,118293,2
46,-1.80,-4.55,-1.80,5103.67,1345.01,19,2,15,12,57,51,118369,1
47,-1.73,-1.96,-1.73,51.00,1345.02,19,2,15,12,57,53,120024,2
48,-2.31,-1.88,-2.31,5103.67,1345.02,19,2,15,12,57,55,120908,3
49,1.61,-6.83,1.61,5103.67,1345.02,19,2,15,12,57,55,121690,7
50,0.35,-4.04,0.35,5103.67,1345.02,19,2,15,12,57,55,121976,1
51,0.90,-5.30,0.90,5103.65,1345.03,19,2,15,12,57,59,126691,7
52,0.94,-1.06,0.94,5103.65,1345.04,19,2,15,12,58,1,128649,2
53,0.94,-4.00,0.94,5103.64,1345.04,19,2,15,12,58,5,131692,7
54,0.55,-8.79,0.55,5103.63,1345.05,19,2,15,12,58,9,135790,2
55,-1.80,1.61,-1.80,5103.63,1345.05,19,2,15,12,58,9,136694,7
56,-2.08,-6.51,-2.08,5103.62,1345.06,19,2,15,12,58,11,137001,2
57,0.82,-6.35,0.82,5103.62,1345.06,19,2,15,12,58,11,137097,2
58,-0.39,-5.92,-0.39,5103.62,1345.06,19,2,15,12,58,11,137363,3
59,-3.45,-0.51,-3.45,5103.62,1345.06,19,2,15,12,58,11,137530,2
60,2.63,-8.28,2.63,5103.62,1345.06,19,2,15,12,58,11,137651,2
61,1.37,-2.16,1.37,5103.62,1345.06,19,2,15,12,58,11,138336,2
62,-2.75,2.08,-2.75,5103.62,1345.06,19,2,15,12,58,11,138505,3
63,0.43,-5.06,0.43,5103.62,1345.06,19,2,15,12,58,11,138738,3
64,1.22,2.39,1.22,5103.62,1345.06,19,2,15,12,58,13,139846,2
65,-0.90,-2.63,-0.90,5103.62,1345.06,19,2,15,12,58,13,140001,2
66,-0.55,-4.55,-0.55,5103.62,1345.06,19,2,15,12,58,13,140225,2
67,-0.51,-5.96,-0.51,5103.62,1345.06,19,2,15,12,58,13,140331,2
68,7.22,-13.06,7.22,5103.00,1345.07,19,2,15,12,58,15,141694,7
69,1.80,3.84,1.80,5103.60,1345.08,19,2,15,12,58,19,145817,1
70,-1.96,3.41,-1.96,5103.60,1345.08,19,2,15,12,58,19,145932,1
71,-1.45,0.08,-1.45,5103.60,1345.08,19,2,15,12,58,19,146111,1
72,-1.37,-1.77,-1.37,5103.60,1345.08,19,2,15,12,58,19,146695,7
73,-0.98,-2.82,-0.98,5103.59,1345.08,19,2,15,12,58,21,147039,1
74,-1.18,-2.24,-1.18,5103.59,1345.08,19,2,15,12,58,21,148589,2
75,2.28,1.84,2.28,5103.59,1345.08,19,2,15,12,58,21,148729,2
76,1.37,0.43,1.37,5103.59,1345.09,19,2,15,12,58,23,148972,1
77,-0.43,0.27,-0.43,5103.59,1345.09,19,2,15,12,58,23,149524,2
78,-0.55,-6.32,-0.55,5103.59,1345.09,19,2,15,12,58,23,150065,2
79,-2.90,-0.16,-2.90,5103.59,1345.09,19,2,15,12,58,23,150232,2
80,-0.35,-7.30,-0.35,5103.59,1345.09,19,2,15,12,58,23,150327,2
81,-1.45,0.31,-1.45,5103.58,1345.09,19,2,15,12,58,25,151697,7
82,0.51,-1.33,0.51,5103.57,1345.10,19,2,15,12,58,29,156697,7
83,2.43,-2.35,2.43,5103.56,1345.11,19,2,15,12,58,31,158647,2
84,0.16,-6.79,0.16,5103.56,1345.11,19,2,15,12,58,33,160470,3
85,-2.16,1.18,-2.16,5103.55,1345.12,19,2,15,12,58,35,161698,7
86,-0.67,2.51,-0.67,5103.55,1345.12,19,2,15,12,58,35,161752,3
87,-1.45,-5.06,-1.45,5103.55,1345.12,19,2,15,12,58,35,162359,3
88,-0.51,-6.35,-0.51,5103.55,1345.12,19,2,15,12,58,37,162946,3
89,-0.35,-0.90,-0.35,5103.55,1345.12,19,2,15,12,58,37,163049,3
90,-1.02,-5.92,-1.02,5103.54,1345.12,19,2,15,12,58,39,166324,2
91,-1.84,-2.12,-1.84,5103.54,1345.12,19,2,15,12,58,39,166700,7
92,4.43,11.77,4.43,5103.54,1345.13,19,2,15,12,58,41,168314,1
93,0.27,0.24,0.27,5103.53,1345.13,19,2,15,12,58,43,168964,2
94,-1.65,-4.86,-1.65,5103.53,1345.14,19,2,15,12,58,45,171701,7
95,2.39,-12.91,2.39,5103.52,1345.14,19,2,15,12,58,49,176237,1
96,-0.16,-3.18,-0.16,5103.52,1345.14,19,2,15,12,58,49,176702,7
97,-0.24,-6.43,-0.24,5103.51,1345.15,19,2,15,12,58,55,181703,7
98,-1.22,-4.39,-1.22,5103.51,1345.15,19,2,15,12,58,55,182432,2
99,-0.35,-4.71,-0.35,5103.51,1345.15,19,2,15,12,58,55,182747,2
100,1.65,-0.67,1.65,5103.51,1345.15,19,2,15,12,58,57,183708,1
101,-1.22,2.39,-1.22,5103.50,1345.16,19,2,15,12,58,59,186539,3
102,-1.37,-0.63,-1.37,5103.50,1345.16,19,2,15,12,58,59,186705,7
103,-1.73,-0.39,-1.73,5103.50,1345.16,19,2,15,12,58,59,186760,2
104,-3.06,1.57,-3.06,5103.49,1345.17,19,2,15,12,59,3,189355,3
105,-2.39,2.16,-2.39,5103.49,1345.17,19,2,15,12,59,3,190102,1
106,-0.08,-3.96,-0.08,5103.49,1345.17,19,2,15,12,59,3,190277,1
107,10.08,-1.26,10.08,5103.48,1345.16,19,2,15,12,59,5,190954,3
108,-4.59,2.35,-4.59,5103.48,1345.16,19,2,15,12,59,5,191705,7
109,1.22,0.39,1.22,5103.48,1345.16,19,2,15,12,59,7,192859,1
110,-5.61,-0.75,-5.61,5103.48,1345.16,19,2,15,12,59,7,193440,2
111,-11.22,15.97,-11.22,5103.48,1345.16,19,2,15,12,59,7,193574,1
112,-5.18,-14.75,-5.18,5103.48,1345.16,19,2,15,12,59,7,193821,2
113,-2.79,10.47,-2.79,5103.47,1345.16,19,2,15,12,59,9,195135,2
114,-7.30,2.47,-7.30,5103.47,1345.16,19,2,15,12,59,9,195251,2
115,2.39,-5.14,2.39,5103.47,1345.16,19,2,15,12,59,9,195387,2
116,1.45,-12.43,1.45,5103.47,1345.16,19,2,15,12,59,9,195594,1
117,11.73,12.12,11.73,5103.47,1345.16,19,2,15,12,59,9,195865,3
118,5.18,-0.43,5.18,5103.47,1345.16,19,2,15,12,59,9,195929,2
119,-3.92,-20.01,-3.92,5103.47,1345.16,19,2,15,12,59,9,196424,2
120,-13.49,-19.61,-13.49,5103.47,1345.16,19,2,15,12,59,9,196706,7
121,3.57,-1.77,3.57,5103.47,1345.15,19,2,15,12,59,11,197102,2
122,-1.65,-9.61,-1.65,5103.47,1345.15,19,2,15,12,59,11,197438,3
123,0.63,0.59,0.63,5103.47,1345.15,19,2,15,12,59,11,197646,3
124,3.92,-0.39,3.92,5103.47,1345.15,19,2,15,12,59,11,198027,1
125,-1.33,2.39,-1.33,5103.47,1345.15,19,2,15,12,59,11,198248,2
126,-0.90,-7.81,-0.90,5103.47,1345.15,19,2,15,12,59,11,198331,3
127,-0.16,4.75,-0.16,5103.47,1345.15,19,2,15,12,59,11,198500,2
128,-4.94,-15.34,-4.94,5103.47,1345.15,19,2,15,12,59,11,198556,1
129,-0.08,-7.14,-0.08,5103.47,1345.15,19,2,15,12,59,11,198705,2
130,-13.10,2.71,-13.10,5103.46,1345.14,19,2,15,12,59,13,198866,2
131,-0.86,2.47,-0.86,5103.46,1345.14,19,2,15,12,59,13,199669,2
132,-18.32,6.16,-18.32,5103.46,1345.14,19,2,15,12,59,13,199820,2
133,-20.01,-2.82,-20.01,5103.46,1345.14,19,2,15,12,59,13,199878,3
134,2.35,8.47,2.35,5103.46,1345.14,19,2,15,12,59,13,200119,3
135,5.18,-0.16,5.18,5103.46,1345.14,19,2,15,12,59,13,200229,3
136,5.33,-8.16,5.33,5103.46,1345.14,19,2,15,12,59,13,200492,1
137,12.16,6.75,12.16,5103.46,1345.14,19,2,15,12,59,15,201112,1
138,-6.98,-1.14,-6.98,5103.46,1345.14,19,2,15,12,59,15,201202,1
139,-2.28,13.81,-2.28,5103.46,1345.14,19,2,15,12,59,15,201510,3
140,1.65,-20.01,1.65,5103.46,1345.14,19,2,15,12,59,15,201708,7
141,-2.12,-7.10,-2.12,5103.46,1345.14,19,2,15,12,59,15,201786,1
142,-5.41,-0.67,-5.41,5103.46,1345.14,19,2,15,12,59,15,202455,1
143,-0.27,-5.65,-0.27,5103.45,1345.12,19,2,15,12,59,19,206059,1
144,-1.26,-3.33,-1.26,5103.45,1345.12,19,2,15,12,59,19,206709,7
145,-1.10,-2.63,-1.10,5103.44,1345.11,19,2,15,12,59,21,207765,3
146,-3.77,-3.30,-3.77,5103.44,1345.10,19,2,15,12,59,23,209140,2
147,2.12,-8.79,2.12,5103.44,1345.10,19,2,15,12,59,23,209255,1
148,-2.79,-2.35,-2.79,5103.44,1345.10,19,2,15,12,59,23,209485,1
149,-0.20,-6.00,-0.20,5103.44,1345.10,19,2,15,12,59,23,210075,1
150,-0.35,-3.84,-0.35,5103.44,1345.10,19,2,15,12,59,23,210750,1
151,-2.94,0.90,-2.94,5103.44,1345.09,19,2,15,12,59,25,211710,7
152,-0.94,-2.79,-0.94,5103.43,1345.09,19,2,15,12,59,27,213226,3
153,-0.08,-5.53,-0.08,5103.43,1345.09,19,2,15,12,59,27,213367,1
154,-0.98,-1.53,-0.98,5103.43,1345.08,19,2,15,12,59,29,215915,2
155,0.12,0.90,0.12,5103.43,1345.08,19,2,15,12,59,29,216082,3
156,-0.55,-4.86,-0.55,5103.43,1345.08,19,2,15,12,59,29,216171,1
157,-0.75,-0.90,-0.75,5103.43,1345.08,19,2,15,12,59,29,216711,7
158,-1.77,-5.69,-1.77,5103.42,1345.06,19,2,15,12,59,33,220095,1
159,0.75,0.51,0.75,5103.42,1345.06,19,2,15,12,59,33,220297,1
160,0.67,-3.73,0.67,5103.42,1345.06,19,2,15,12,59,33,220385,1
161,-2.16,-0.98,-2.16,5103.42,1345.05,19,2,15,12,59,35,221341,3
162,-0.20,-4.04,-0.20,5103.42,1345.05,19,2,15,12,59,35,221712,7
163,-1.06,-1.14,-1.06,5103.41,1345.03,19,2,15,12,59,39,225272,3
164,0.47,-4.67,0.47,5103.41,1345.03,19,2,15,12,59,39,225920,2
165,-1.02,-3.49,-1.02,5103.41,1345.03,19,2,15,12,59,39,226324,2
166,1.37,-2.00,1.37,5103.41,1345.03,19,2,15,12,59,39,226685,2
167,1.88,-2.63,1.88,5103.41,1345.03,19,2,15,12,59,39,226735,7
168,-0.12,-4.63,-0.12,5103.41,1345.02,19,2,15,12,59,41,227973,3
169,-0.82,0.43,-0.82,5103.41,1345.02,19,2,15,12,59,41,228518,3
170,1.65,-5.10,1.65,5103.40,1345.00,19,2,15,12,59,45,231489,3
171,-1.77,-4.94,-1.77,5103.40,1345.00,19,2,15,12,59,45,231736,7
172,-1.33,-6.55,-1.33,5103.40,1345.00,19,2,15,12,59,45,231898,2
173,0.31,-3.49,0.31,5103.40,1345.00,19,2,15,12,59,45,232232,2
174,-1.80,-4.90,-1.80,5103.40,1345.00,19,2,15,12,59,45,232487,2
175,0.71,-2.79,0.71,5103.40,1344.99,19,2,15,12,59,47,234013,1
176,-2.35,-2.90,-2.35,5103.40,1344.99,19,2,15,12,59,47,234380,1
177,1.88,-11.73,1.88,5103.40,1344.99,19,2,15,12,59,47,234724,2
178,1.41,-7.69,1.41,5103.39,1344.98,19,2,15,12,59,49,236737,7
179,0.24,-2.12,0.24,5103.39,1344.96,19,2,15,12,59,53,238951,3
180,-1.77,-2.82,-1.77,5103.39,1344.96,19,2,15,12,59,53,239075,2
181,0.51,-3.26,0.51,5103.39,1344.95,19,2,15,12,59,55,241738,7
182,-0.04,-5.65,-0.04,5103.38,1344.93,19,2,15,12,59,59,245233,3
183,-0.78,-3.49,-0.78,5103.38,1344.93,19,2,15,12,59,59,246437,3
184,-2.94,-2.24,-2.94,5103.38,1344.93,19,2,15,12,59,59,246739,7
185,-1.02,-2.51,-1.02,5103.38,1344.91,19,2,15,13,0,3,249076,3
186,-2.90,0.20,-2.90,5103.38,1344.91,19,2,15,13,0,3,249427,1
187,2.04,0.75,2.04,5103.37,1344.90,19,2,15,13,0,5,251740,7
188,-0.67,-2.75,-0.67,5103.37,1344.90,19,2,15,13,0,5,252641,3
189,-2.43,-4.20,-2.43,5103.37,1344.88,19,2,15,13,0,9,255466,2
190,-0.24,-4.24,-0.24,5103.37,1344.88,19,2,15,13,0,9,255897,2
191,0.67,-8.12,0.67,5103.37,1344.88,19,2,15,13,0,9,256741,7
192,-0.24,0.67,-0.24,5103.37,1344.87,19,2,15,13,0,11,257752,3
193,-0.39,-7.18,-0.39,5103.37,1344.86,19,2,15,13,0,13,259362,2
194,-1.29,-5.02,-1.29,5103.37,1344.86,19,2,15,13,0,13,259651,2
195,0.90,-4.39,0.90,5103.37,1344.86,19,2,15,13,0,13,259777,1
196,-0.55,-6.67,-0.55,5103.37,1344.86,19,2,15,13,0,13,259833,2
197,-1.80,0.08,-1.80,5103.37,1344.86,19,2,15,13,0,13,260192,2
198,-4.43,-3.80,-4.43,5103.37,1344.86,19,2,15,13,0,13,260358,2
199,-2.86,-2.75,-2.86,5103.36,1344.85,19,2,15,13,0,15,261022,2
200,1.80,-1.73,1.80,5103.36,1344.85,19,2,15,13,0,15,261090,3
201,-0.47,-0.94,-0.47,5103.36,1344.85,19,2,15,13,0,15,261218,3
202,-2.47,-4.12,-2.47,5103.36,1344.85,19,2,15,13,0,15,261742,7
203,1.92,-5.81,1.92,5103.36,1344.83,19,2,15,13,0,19,265799,3
204,-2.67,-4.35,-2.67,5103.36,1344.83,19,2,15,13,0,19,266744,7
205,-1.65,-2.67,-1.65,5103.36,1344.81,19,2,15,13,0,23,269560,2
206,-1.06,-2.24,-1.06,5103.36,1344.81,19,2,15,13,0,23,270739,2
207,-0.94,-1.57,-0.94,5103.36,1344.81,19,2,15,13,0,23,270874,2
208,-2.31,3.10,-2.31,5103.35,1344.80,19,2,15,13,0,25,270967,2
209,-1.06,-2.35,-1.06,5103.35,1344.80,19,2,15,13,0,25,271746,7
210,-1.10,0.63,-1.10,5103.35,1344.79,19,2,15,13,0,27,273426,2
211,0.67,-7.14,0.67,5103.35,1344.79,19,2,15,13,0,27,273530,3
212,-1.53,-4.75,-1.53,5103.35,1344.78,19,2,15,13,0,29,276422,1
213,-3.53,-2.31,-3.53,5103.35,1344.78,19,2,15,13,0,29,276747,7
214,0.51,-1.77,0.51,5103.35,1344.77,19,2,15,13,0,31,277981,1
215,-0.12,-2.04,-0.12,5103.35,1344.76,19,2,15,13,0,33,280632,1
216,-1.73,-2.16,-1.73,5103.35,1344.76,19,2,15,13,0,33,280699,1
217,-1.14,-3.92,-1.14,5103.35,1344.75,19,2,15,13,0,35,281296,1
218,-0.08,-1.06,-0.08,5103.35,1344.75,19,2,15,13,0,35,281590,1
219,-0.20,-5.65,-0.20,5103.35,1344.75,19,2,15,13,0,35,281747,7
220,-2.08,-4.00,-2.08,5103.35,1344.73,19,2,15,13,0,39,286748,7
221,-0.82,-2.35,-0.82,5103.35,1344.72,19,2,15,13,0,41,288056,2
222,-1.57,-2.55,-1.57,5103.35,1344.72,19,2,15,13,0,41,288174,1
223,-2.63,0.55,-2.63,5103.35,1344.71,19,2,15,13,0,43,289708,1
224,1.80,3.73,1.80,5103.35,1344.71,19,2,15,13,0,43,289843,3
225,-1.69,1.29,-1.69,5103.35,1344.71,19,2,15,13,0,43,290127,1
226,-0.43,-0.71,-0.43,5103.35,1344.71,19,2,15,13,0,43,290608,1
227,0.35,-2.24,0.35,5103.35,1344.70,19,2,15,13,0,45,291379,1
228,-0.94,-4.55,-0.94,5103.35,1344.70,19,2,15,13,0,45,291749,7
229,0.00,-2.63,0.00,5103.35,1344.70,19,2,15,13,0,45,291954,2
230,-0.39,-3.02,-0.39,5103.35,1344.69,19,2,15,13,0,47,294069,3
231,-0.67,0.31,-0.67,5103.35,1344.67,19,2,15,13,0,49,296750,7
232,0.51,-4.59,0.51,5103.35,1344.66,19,2,15,13,0,53,300667,1
233,-1.84,-0.59,-1.84,5103.35,1344.65,19,2,15,13,0,55,301752,7
234,-1.33,-4.75,-1.33,5103.35,1344.65,19,2,15,13,0,55,302741,3
235,3.61,-9.81,3.61,5103.35,1344.64,19,2,15,13,0,57,303845,3
236,-1.92,-3.84,-1.92,5103.35,1344.64,19,2,15,13,0,57,303939,1
237,-0.78,1.96,-0.78,5103.35,1344.64,19,2,15,13,0,57,304563,1
238,-0.43,-4.12,-0.43,5103.35,1344.63,19,2,15,13,0,59,306754,7
239,-1.33,-7.10,-1.33,5103.35,1344.61,19,2,15,13,1,3,310947,1
240,1.22,-5.65,1.22,5103.35,1344.61,19,2,15,13,1,5,311756,7
241,0.71,-2.86,0.71,5103.35,1344.60,19,2,15,13,1,7,313006,2
242,-1.65,-4.82,-1.65,5103.35,1344.60,19,2,15,13,1,7,313339,2
243,-1.41,-4.16,-1.41,5103.35,1344.60,19,2,15,13,1,7,313544,1
244,-0.78,-0.43,-0.78,5103.35,1344.60,19,2,15,13,1,7,314164,2
245,-0.94,-1.33,-0.94,5103.35,1344.59,19,2,15,13,1,9,316758,7
246,-2.04,-0.86,-2.04,5103.36,1344.58,19,2,15,13,1,11,317020,3
247,-0.67,-4.67,-0.67,5103.36,1344.58,19,2,15,13,1,11,317082,1
248,-0.16,-4.16,-0.16,5103.36,1344.56,19,2,15,13,1,15,321057,2
249,-0.59,-6.55,-0.59,5103.36,1344.56,19,2,15,13,1,15,321240,2
250,-0.24,-1.49,-0.24,5103.36,1344.56,19,2,15,13,1,15,321741,2
251,-0.24,-1.49,-0.24,5103.36,1344.56,19,2,15,13,1,15,321762,7
252,0.31,4.00,0.31,5103.36,1344.56,19,2,15,13,1,15,322197,2
253,-3.02,-1.22,-3.02,5103.36,1344.54,19,2,15,13,1,19,325486,1
254,-0.39,-6.12,-0.39,5103.36,1344.54,19,2,15,13,1,19,325715,1
255,-1.65,10.63,-1.65,5103.36,1344.54,19,2,15,13,1,19,326211,1
256,0.51,-2.24,0.51,5103.36,1344.54,19,2,15,13,1,19,326441,1
257,-1.10,-3.02,-1.10,5103.36,1344.54,19,2,15,13,1,19,326763,7
258,0.27,-4.75,0.27,5103.37,1344.51,19,2,15,13,1,23,329879,1
259,0.39,-3.37,0.39,5103.37,1344.50,19,2,15,13,1,25,331764,7
260,0.43,-2.79,0.43,5103.37,1344.49,19,2,15,13,1,27,334880,3
261,0.63,-2.79,0.63,5103.37,1344.48,19,2,15,13,1,29,335676,3
262,-1.73,-0.71,-1.73,5103.37,1344.48,19,2,15,13,1,29,336724,1
263,-0.24,-1.77,-0.24,5103.37,1344.48,19,2,15,13,1,29,336775,7
264,-1.92,-3.30,-1.92,5103.38,1344.47,19,2,15,13,1,31,338435,2
265,-2.90,-4.51,-2.90,5103.38,1344.46,19,2,15,13,1,33,339504,1
266,-1.29,-1.80,-1.29,5103.38,1344.46,19,2,15,13,1,33,339878,2
267,0.71,4.79,0.71,5103.38,1344.46,19,2,15,13,1,33,339950,2
268,-1.26,0.67,-1.26,5103.38,1344.46,19,2,15,13,1,33,340237,3
269,-1.69,0.47,-1.69,5103.38,1344.46,19,2,15,13,1,33,340340,3
270,-1.88,-3.65,-1.88,5103.38,1344.45,19,2,15,13,1,35,341035,2
271,4.90,10.04,4.90,5103.38,1344.45,19,2,15,13,1,35,341707,3
272,-0.59,-3.14,-0.59,5103.38,1344.45,19,2,15,13,1,35,341777,7
273,-0.16,-8.59,-0.16,5103.38,1344.45,19,2,15,13,1,35,342962,1
274,-1.10,-3.06,-1.10,5103.38,1344.44,19,2,15,13,1,37,344023,2
275,1.80,-9.18,1.80,5103.38,1344.44,19,2,15,13,1,37,344181,2
276,0.08,-8.47,0.08,5103.38,1344.44,19,2,15,13,1,37,344977,2
277,0.55,-4.86,0.55,5103.38,1344.43,19,2,15,13,1,39,345943,3
278,-1.29,-1.73,-1.29,5103.38,1344.43,19,2,15,13,1,39,346777,7
279,-0.98,-5.22,-0.98,5103.38,1344.42,19,2,15,13,1,41,347795,3
280,-1.37,-3.26,-1.37,5103.38,1344.42,19,2,15,13,1,41,347953,3
281,-1.61,-2.51,-1.61,5103.38,1344.42,19,2,15,13,1,41,348695,3
282,-1.53,4.47,-1.53,5103.39,1344.40,19,2,15,13,1,45,351778,7
283,-0.90,-0.08,-0.90,5103.39,1344.39,19,2,15,13,1,47,354140,3
284,0.39,-0.55,0.39,5103.39,1344.38,19,2,15,13,1,49,355208,2
285,3.61,-0.12,3.61,5103.39,1344.38,19,2,15,13,1,49,355302,2
286,-1.45,-2.39,-1.45,5103.39,1344.38,19,2,15,13,1,49,356781,7
287,0.12,-0.71,0.12,5103.40,1344.37,19,2,15,13,1,51,357346,2
288,0.12,2.28,0.12,5103.40,1344.37,19,2,15,13,1,51,357725,2
289,-1.33,-0.75,-1.33,5103.40,1344.36,19,2,15,13,1,53,360988,2
290,-1.69,0.43,-1.69,5103.40,1344.35,19,2,15,13,1,55,361782,7
291,-1.10,0.43,-1.10,5103.40,1344.35,19,2,15,13,1,55,361881,2
292,1.29,-4.55,1.29,5103.40,1344.35,19,2,15,13,1,55,362180,1
293,-0.67,0.04,-0.67,5103.40,1344.35,19,2,15,13,1,55,362604,2
294,0.24,-0.63,0.24,5103.41,1344.33,19,2,15,13,1,59,365309,2
295,-0.31,-0.31,-0.31,5103.41,1344.33,19,2,15,13,1,59,365931,1
296,-0.90,-3.14,-0.90,5103.41,1344.33,19,2,15,13,1,59,366592,1
297,-1.41,-6.04,-1.41,5103.41,1344.33,19,2,15,13,1,59,366782,7
298,-0.51,-3.33,-0.51,5103.41,1344.33,19,2,15,13,2,1,367378,2
299,0.16,-1.80,0.16,5103.41,1344.33,19,2,15,13,2,1,367522,2
300,-0.86,-9.96,-0.86,5103.41,1344.33,19,2,15,13,2,1,367595,2
301,0.47,0.00,0.47,5103.41,1344.33,19,2,15,13,2,1,368118,2
302,0.94,-3.18,0.94,5103.42,1344.31,19,2,15,13,2,5,371235,2
303,1.18,-3.02,1.18,5103.42,1344.31,19,2,15,13,2,5,371591,2
304,-4.51,3.02,-4.51,5103.42,1344.31,19,2,15,13,2,5,371783,7
305,-0.35,-7.45,-0.35,5103.42,1344.31,19,2,15,13,2,5,372151,1
306,-0.47,-1.10,-0.47,5103.42,1344.30,19,2,15,13,2,7,373302,1
307,-1.02,-1.29,-1.02,5103.43,1344.30,19,2,15,13,2,9,375432,1
308,-1.33,-2.63,-1.33,5103.43,1344.30,19,2,15,13,2,9,375790,2
309,-0.55,-2.43,-0.55,5103.43,1344.30,19,2,15,13,2,9,375924,2
310,-0.16,-3.80,-0.16,5103.43,1344.30,19,2,15,13,2,9,376785,7
311,-1.29,-5.14,-1.29,5103.43,1344.29,19,2,15,13,2,11,378971,2
312,0.51,4.08,0.51,5103.44,1344.28,19,2,15,13,2,13,379064,3
313,-1.29,-3.49,-1.29,5103.44,1344.28,19,2,15,13,2,13,379113,3
314,-2.16,3.18,-2.16,5103.44,1344.28,19,2,15,13,2,13,380661,2
315,0.16,-6.35,0.16,5103.44,1344.28,19,2,15,13,2,15,381787,7
316,-0.43,-2.24,-0.43,5103.44,1344.28,19,2,15,13,2,15,381918,2
317,-0.43,-2.67,-0.43,5103.44,1344.28,19,2,15,13,2,15,382776,2
318,-1.22,-0.98,-1.22,5103.45,1344.27,19,2,15,13,2,17,383229,2
319,-0.90,-3.53,-0.90,5103.45,1344.26,19,2,15,13,2,19,385865,1
320,-1.88,-1.80,-1.88,5103.45,1344.26,19,2,15,13,2,19,386787,7
321,0.20,-6.71,0.20,5103.46,1344.26,19,2,15,13,2,21,387399,1
322,-2.24,1.73,-2.24,5103.46,1344.26,19,2,15,13,2,21,387488,1
323,0.08,-4.31,0.08,5103.46,1344.26,19,2,15,13,2,21,387600,1
324,-0.59,-4.79,-0.59,5103.46,1344.25,19,2,15,13,2,23,389061,3
325,1.06,0.51,1.06,5103.46,1344.25,19,2,15,13,2,23,390621,2
326,-1.61,-3.73,-1.61,5103.46,1344.25,19,2,15,13,2,23,390886,2
327,-0.27,-2.51,-0.27,5103.47,1344.24,19,2,15,13,2,25,391788,7
328,-2.75,0.47,-2.75,5103.47,1344.24,19,2,15,13,2,25,393033,1
329,-2.24,-2.63,-2.24,5103.48,1344.23,19,2,15,13,2,27,395072,1
330,3.88,14.00,3.88,5103.48,1344.23,19,2,15,13,2,29,395282,1
331,0.08,-8.90,0.08,5103.48,1344.23,19,2,15,13,2,29,396106,2
332,-0.51,-4.82,-0.51,5103.48,1344.23,19,2,15,13,2,29,396488,1
333,-0.24,-4.47,-0.24,5103.48,1344.23,19,2,15,13,2,29,396790,7
334,-2.51,-3.45,-2.51,5103.48,1344.23,19,2,15,13,2,29,396863,2
335,-1.73,-5.06,-1.73,5103.49,1344.22,19,2,15,13,2,31,397124,2
336,-0.04,-7.06,-0.04,5103.49,1344.22,19,2,15,13,2,31,397193,2
337,-0.04,-0.71,-0.04,5103.50,1344.21,19,2,15,13,2,35,401703,3
338,-0.08,-3.92,-0.08,5103.50,1344.21,19,2,15,13,2,35,401792,7
339,0.90,-4.59,0.90,5103.50,1344.20,19,2,15,13,2,39,406013,3
340,-0.24,-3.18,-0.24,5103.50,1344.20,19,2,15,13,2,39,406792,7
341,-0.24,-1.84,-0.24,5103.51,1344.20,19,2,15,13,2,41,407286,3
342,-0.43,-4.86,-0.43,5103.51,1344.20,19,2,15,13,2,41,407420,2
343,-0.59,0.12,-0.59,5103.51,1344.20,19,2,15,13,2,41,407479,2
344,-1.96,-1.53,-1.96,5103.51,1344.19,19,2,15,13,2,45,411794,7
345,2.08,-3.92,2.08,5103.52,1344.19,19,2,15,13,2,47,414425,3
346,-1.14,2.04,-1.14,5103.52,1344.19,19,2,15,13,2,47,414476,3
347,0.47,-4.86,0.47,5103.52,1344.19,19,2,15,13,2,47,414914,1
348,0.27,3.06,0.27,5103.52,1344.19,19,2,15,13,2,47,415029,1
349,-0.90,-4.43,-0.90,5103.52,1344.19,19,2,15,13,2,49,416794,7
350,-0.59,-4.75,-0.59,5103.52,1344.19,19,2,15,13,2,55,421795,7
351,-0.59,-2.94,-0.59,5103.52,1344.19,19,2,15,13,2,59,426797,7
