1,-0.27,-4.16,-0.27,0.00,0.00,0,0,0,0,0,0,6674,7
2,-0.71,-5.02,-0.71,5103.52,1344.19,19,2,15,13,3,55,11676,7
3,-0.43,-4.12,-0.43,5103.52,1344.19,19,2,15,13,3,59,16677,7
4,-1.14,-4.43,-1.14,5103.52,1344.19,19,2,15,13,4,5,21678,7
5,-0.86,-4.39,-0.86,5103.52,1344.19,19,2,15,13,4,9,26679,7
6,-1.02,-4.35,-1.02,5103.52,1344.19,19,2,15,13,4,15,31680,7
7,-0.94,-4.16,-0.94,5103.52,1344.19,19,2,15,13,4,19,36682,7
8,-0.90,-4.31,-0.90,5103.52,1344.19,19,2,15,13,4,25,41682,7
9,-0.90,-4.55,-0.90,5103.52,1344.19,19,2,15,13,4,29,46684,7
10,-0.86,-4.35,-0.86,5103.52,1344.19,19,2,15,13,4,35,51686,7
11,-0.98,-4.47,-0.98,5103.52,1344.19,19,2,15,13,4,39,56686,7
12,-0.98,-4.20,-0.98,5103.52,1344.19,19,2,15,13,4,45,61688,7
13,-0.90,-3.96,-0.90,5103.52,1344.19,19,2,15,13,4,49,66689,7
14,-0.94,-4.43,-0.94,5103.52,1344.19,19,2,15,13,4,55,71690,7
15,-1.06,-4.51,-1.06,5103.52,1344.19,19,2,15,13,4,59,76692,7
16,-0.71,-4.55,-0.71,5103.52,1344.19,19,2,15,13,5,5,81692,7
17,-0.94,-4.28,-0.94,5103.52,1344.19,19,2,15,13,5,9,86693,7
18,-0.94,-4.51,-0.94,5103.52,1344.19,19,2,15,13,5,15,91694,7
19,-0.98,-4.43,-0.98,5103.52,1344.19,19,2,15,13,5,19,96695,7
20,-0.98,-3.30,-0.98,5103.52,1344.19,19,2,15,13,5,25,101696,7
21,-8.16,6.47,-8.16,5103.52,1344.19,19,2,15,13,5,25,102602,3
22,-3.41,1.06,-3.41,5103.52,1344.19,19,2,15,13,5,25,102665,3
23,-1.02,-4.04,-1.02,5103.52,1344.19,19,2,15,13,5,29,106697,7
24,-1.06,-4.94,-1.06,5103.52,1344.19,19,2,15,13,5,35,111699,7
25,-1.18,-4.90,-1.18,5103.52,1344.19,19,2,15,13,5,39,116700,7
26,-1.29,-5.30,-1.29,5103.52,1344.19,19,2,15,13,5,45,121701,7
27,-1.06,-4.47,-1.06,5103.52,1344.19,19,2,15,13,5,49,126702,7
28,-1.18,-4.90,-1.18,5103.52,1344.19,19,2,15,13,5,55,131703,7
29,0.90,-2.00,0.90,5103.52,1344.19,19,2,15,13,5,59,136705,7
30,-1.18,-3.73,-1.18,5103.51,1344.19,19,2,15,13,6,5,141706,7
31,0.98,-0.27,0.98,5103.51,1344.20,19,2,15,13,6,9,146707,7
32,-0.78,-1.41,-0.78,5103.49,1344.21,19,2,15,13,6,15,151709,7
33,-1.22,-0.35,-1.22,5103.48,1344.22,19,2,15,13,6,19,156710,7
34,-1.33,-0.51,-1.33,5103.47,1344.24,19,2,15,13,6,25,161710,7
35,-0.04,0.75,-0.04,5103.46,1344.25,19,2,15,13,6,29,166711,7
36,-0.94,-1.96,-0.94,5103.45,1344.27,19,2,15,13,6,35,171712,7
37,0.55,-3.61,0.55,5103.44,1344.28,19,2,15,13,6,39,176713,7
38,-2.04,-2.39,-2.04,5103.43,1344.30,19,2,15,13,6,45,181715,7
39,-1.49,-5.65,-1.49,5103.42,1344.32,19,2,15,13,6,49,186715,7
40,-0.47,-7.06,-0.47,5103.41,1344.34,19,2,15,13,6,55,191716,7
41,-0.35,3.10,-0.35,5103.40,1344.36,19,2,15,13,6,59,196717,7
42,-0.63,-0.94,-0.63,5103.39,1344.38,19,2,15,13,7,3,199752,3
43,-0.20,-3.41,-0.20,5103.39,1344.39,19,2,15,13,7,5,201718,7
44,-0.16,-1.37,-0.16,5103.39,1344.41,19,2,15,13,7,9,206720,7
45,-2.31,-4.08,-2.31,5103.38,1344.44,19,2,15,13,7,15,211721,7
46,0.35,-2.47,0.35,5103.38,1344.44,19,2,15,13,7,15,212619,3
47,0.00,-6.79,0.00,5103.38,1344.45,19,2,15,13,7,19,216722,7
48,-0.31,-1.69,-0.31,5103.37,1344.48,19,2,15,13,7,25,221723,7
49,-1.26,0.35,-1.26,5103.37,1344.50,19,2,15,13,7,29,226724,7
50,-0.94,-0.16,-0.94,5103.36,1344.53,19,2,15,13,7,35,231726,7
51,-0.55,-4.12,-0.55,5103.36,1344.55,19,2,15,13,7,39,235492,3
52,-1.77,-1.33,-1.77,5103.36,1344.55,19,2,15,13,7,39,236727,7
53,-2.59,-3.84,-2.59,5103.36,1344.57,19,2,15,13,7,45,241729,7
54,0.86,-1.73,0.86,5103.35,1344.59,19,2,15,13,7,49,246729,7
55,-0.04,-3.61,-0.04,5103.35,1344.62,19,2,15,13,7,55,251730,7
56,-0.55,-1.14,-0.55,5103.35,1344.64,19,2,15,13,7,59,256731,7
57,-2.35,-4.43,-2.35,5103.35,1344.67,19,2,15,13,8,5,261732,7
58,-0.98,-6.63,-0.98,5103.35,1344.69,19,2,15,13,8,9,264878,3
59,0.31,-3.30,0.31,5103.35,1344.69,19,2,15,13,8,9,265218,3
60,-0.24,-4.71,-0.24,5103.35,1344.69,19,2,15,13,8,9,266734,7
61,-1.02,-5.22,-1.02,5103.35,1344.72,19,2,15,13,8,15,271735,7
62,-0.59,-4.20,-0.59,5103.35,1344.74,19,2,15,13,8,19,276737,7
63,-3.96,-2.24,-3.96,5103.35,1344.76,19,2,15,13,8,25,281738,7
64,0.51,5.61,0.51,5103.35,1344.78,19,2,15,13,8,29,286740,7
65,-1.06,-0.55,-1.06,5103.35,1344.79,19,2,15,13,8,31,288344,3
66,0.12,-3.02,0.12,5103.36,1344.81,19,2,15,13,8,35,291740,7
67,-0.94,-5.10,-0.94,5103.36,1344.83,19,2,15,13,8,39,296741,7
68,0.39,-1.22,0.39,5103.36,1344.86,19,2,15,13,8,45,301742,7
69,-2.39,-1.14,-2.39,5103.37,1344.87,19,2,15,13,8,49,306744,7
70,-1.92,-6.16,-1.92,5103.37,1344.90,19,2,15,13,8,55,311745,7
71,-1.29,-1.33,-1.29,5103.38,1344.92,19,2,15,13,8,59,316746,7
72,0.59,-0.08,0.59,5103.38,1344.94,19,2,15,13,9,5,321747,7
73,0.35,1.57,0.35,5103.39,1344.96,19,2,15,13,9,9,326748,7
74,-1.37,-3.41,-1.37,5103.39,1344.99,19,2,15,13,9,15,331749,7
75,-1.45,-5.10,-1.45,5103.40,1345.00,19,2,15,13,9,19,336750,7
76,-1.26,-1.49,-1.26,5103.41,1345.03,19,2,15,13,9,25,341751,7
77,-0.08,-2.20,-0.08,5103.41,1345.04,19,2,15,13,9,29,346753,7
78,-0.63,0.47,-0.63,5103.42,1345.07,19,2,15,13,9,35,351755,7
79,0.27,-1.65,0.27,5103.43,1345.08,19,2,15,13,9,39,356756,7
80,-2.43,-3.37,-2.43,5103.44,1345.11,19,2,15,13,9,45,361758,7
81,-1.96,-0.82,-1.96,5103.45,1345.12,19,2,15,13,9,49,366758,7
82,-1.65,2.12,-1.65,5103.46,1345.14,19,2,15,13,9,53,370336,3
83,-7.53,1.92,-7.53,5103.46,1345.14,19,2,15,13,9,56,371138,3
84,4.86,-4.75,4.86,5103.46,1345.14,19,2,15,13,9,56,371759,7
85,1.18,0.43,1.18,5103.47,1345.15,19,2,15,13,9,59,376760,7
86,-1.10,-8.47,-1.10,5103.47,1345.16,19,2,15,13,10,1,378430,3
87,-0.08,-6.20,-0.08,5103.47,1345.16,19,2,15,13,10,1,378534,3
88,-5.10,-7.14,-5.10,5103.48,1345.16,19,2,15,13,10,5,381608,3
89,0.47,-5.88,0.47,5103.48,1345.16,19,2,15,13,10,5,381762,7
90,-0.67,0.39,-0.67,5103.48,1345.16,19,2,15,13,10,5,381815,3
91,2.20,-2.12,2.20,5103.49,1345.17,19,2,15,13,10,9,386762,7
92,-0.82,-2.59,-0.82,5103.49,1345.16,19,2,15,13,10,11,387324,3
93,2.12,-4.43,2.12,5103.50,1345.16,19,2,15,13,10,15,391763,7
94,0.39,-1.41,0.39,5103.51,1345.15,19,2,15,13,10,19,396764,7
95,0.35,-5.33,0.35,5103.52,1345.15,19,2,15,13,10,26,401765,7
96,-0.78,-0.71,-0.78,5103.52,1345.15,19,2,15,13,10,29,406766,7
97,-1.80,-3.80,-1.80,5103.53,1345.14,19,2,15,13,10,36,411768,7
98,-2.47,-4.31,-2.47,5103.54,1345.13,19,2,15,13,10,39,416769,7
99,-0.12,-2.63,-0.12,5103.55,1345.13,19,2,15,13,10,43,419342,3
100,-0.63,-6.63,-0.63,5103.55,1345.13,19,2,15,13,10,43,419444,3
101,-0.67,-3.69,-0.67,5103.56,1345.12,19,2,15,13,10,45,421770,7
102,-1.92,-2.86,-1.92,5103.57,1345.11,19,2,15,13,10,49,426771,7
103,-2.00,-3.96,-2.00,5103.58,1345.09,19,2,15,13,10,55,431772,7
104,1.73,-6.28,1.73,5103.59,1345.08,19,2,15,13,11,0,436774,7
105,-0.75,0.59,-0.75,5103.61,1345.07,19,2,15,13,11,6,441775,7
106,-0.90,-0.12,-0.90,5103.61,1345.06,19,2,15,13,11,7,443471,3
107,0.27,0.59,0.27,5103.61,1345.06,19,2,15,13,11,7,443653,3
108,0.39,-2.28,0.39,5103.62,1345.06,19,2,15,13,11,10,446776,7
109,-2.51,-2.24,-2.51,5103.64,1345.04,19,2,15,13,11,15,451778,7
110,-2.39,-1.45,-2.39,5103.65,1345.03,19,2,15,13,11,20,456779,7
111,-0.94,-1.22,-0.94,5103.67,1345.02,19,2,15,13,11,26,461782,7
112,-2.28,-5.26,-2.28,5103.68,1345.01,19,2,15,13,11,30,466719,3
113,-1.45,0.63,-1.45,5103.68,1345.01,19,2,15,13,11,30,466781,7
114,-1.41,-6.20,-1.41,5103.68,1345.01,19,2,15,13,11,30,466902,3
115,0.78,-6.39,0.78,5103.69,1345.00,19,2,15,13,11,34,469505,3
116,-0.78,4.47,-0.78,5103.69,1345.00,19,2,15,13,11,34,470241,3
117,0.12,2.24,0.12,5103.69,1345.00,19,2,15,13,11,34,470634,3
118,-1.84,-2.90,-1.84,5103.70,1344.99,19,2,15,13,11,36,471782,7
119,0.39,0.75,0.39,5103.71,1344.98,19,2,15,13,11,40,476020,3
120,3.45,0.27,3.45,5103.71,1344.98,19,2,15,13,11,40,476359,3
121,-1.26,-2.82,-1.26,5103.71,1344.98,19,2,15,13,11,40,476783,7
122,1.45,-2.86,1.45,5103.72,1344.98,19,2,15,13,11,42,476989,3
123,-0.47,-1.22,-0.47,5103.73,1344.97,19,2,15,13,11,46,481784,7
124,0.12,-3.37,0.12,5103.73,1344.96,19,2,15,13,11,48,484021,3
125,-1.41,-5.02,-1.41,5103.74,1344.96,19,2,15,13,11,50,486785,7
126,-0.16,4.35,-0.16,5103.74,1344.96,19,2,15,13,11,50,486982,3
127,0.51,3.53,0.51,5103.76,1344.94,19,2,15,13,11,56,491316,3
128,0.63,-4.43,0.63,5103.76,1344.94,19,2,15,13,11,56,491786,7
129,-1.29,-2.59,-1.29,5103.76,1344.94,19,2,15,13,11,58,494592,3
130,-2.20,1.49,-2.20,5103.77,1344.93,19,2,15,13,12,0,496788,7
131,-0.47,-3.53,-0.47,5103.79,1344.92,19,2,15,13,12,6,501788,7
132,0.39,-1.61,0.39,5103.80,1344.92,19,2,15,13,12,10,506789,7
133,-0.08,6.39,-0.08,5103.81,1344.91,19,2,15,13,12,14,509597,3
134,-2.16,-4.98,-2.16,5103.81,1344.91,19,2,15,13,12,16,511790,7
135,0.00,-3.57,0.00,5103.81,1344.91,19,2,15,13,12,20,516791,7
136,-0.47,-3.37,-0.47,5103.81,1344.91,19,2,15,13,12,26,521793,7
137,-0.51,-3.22,-0.51,5103.81,1344.91,19,2,15,13,12,30,526795,7
138,-0.55,-3.06,-0.55,5103.81,1344.91,19,2,15,13,12,36,531796,7
139,-0.63,-2.98,-0.63,5103.81,1344.91,19,2,15,13,12,40,536798,7
140,-0.55,-3.96,-0.55,5103.81,1344.91,19,2,15,13,12,46,541799,7
141,-0.16,-3.49,-0.16,5103.81,1344.91,19,2,15,13,12,50,546800,7
142,-2.47,-5.22,-2.47,5103.81,1344.91,19,2,15,13,12,56,551802,7
143,-0.51,-3.96,-0.51,5103.81,1344.92,19,2,15,13,13,0,556804,7
144,-0.47,-2.63,-0.47,5103.81,1344.92,19,2,15,13,13,6,561804,7
145,-0.78,-0.16,-0.78,5103.81,1344.92,19,2,15,13,13,10,566805,7
146,6.90,-7.65,6.90,5103.82,1344.92,19,2,15,13,13,16,571806,7
147,1.02,-3.65,1.02,5103.82,1344.92,19,2,15,13,13,20,576807,7
148,7.73,-3.30,7.73,5103.82,1344.92,19,2,15,13,13,26,581809,7
149,8.47,-2.08,8.47,5103.82,1344.92,19,2,15,13,13,30,586809,7
150,8.36,-1.88,8.36,5103.82,1344.92,19,2,15,13,13,36,591811,7
151,8.32,-2.08,8.32,5103.82,1344.92,19,2,15,13,13,40,596811,7
152,8.79,-2.12,8.79,5103.82,1344.92,19,2,15,13,13,46,601812,7
153,8.71,-2.00,8.71,5103.82,1344.92,19,2,15,13,13,50,606814,7
154,8.83,-1.92,8.83,5103.82,1344.92,19,2,15,13,13,56,611816,7
155,8.87,-1.92,8.87,5103.82,1344.93,19,2,15,13,14,0,616816,7
156,8.67,-2.90,8.67,5103.82,1344.93,19,2,15,13,14,6,621817,7
157,0.55,-2.63,0.55,5103.82,1344.93,19,2,15,13,14,10,626818,7
158,-1.41,-2.12,-1.41,5103.82,1344.93,19,2,15,13,14,16,631819,7
159,-0.47,-1.96,-0.47,5103.82,1344.93,19,2,15,13,14,20,636821,7
160,-0.59,-2.71,-0.59,5103.82,1344.92,19,2,15,13,14,26,641822,7
161,-0.24,-4.59,-0.24,5103.82,1344.92,19,2,15,13,14,30,646823,7
162,-1.26,-3.26,-1.26,5103.82,1344.92,19,2,15,13,14,36,651825,7
163,-0.63,-2.59,-0.63,5103.82,1344.91,19,2,15,13,14,40,656826,7
164,-0.82,-3.84,-0.82,5103.82,1344.91,19,2,15,13,14,46,661827,7
165,-0.86,-3.96,-0.86,5103.82,1344.91,19,2,15,13,14,50,666827,7
166,-0.90,-3.84,-0.90,5103.82,1344.90,19,2,15,13,14,56,671828,7
167,-0.86,-3.88,-0.86,5103.82,1344.90,19,2,15,13,15,0,676829,7
168,-0.90,-3.84,-0.90,5103.82,1344.90,19,2,15,13,15,6,681830,7
169,-0.82,-3.88,-0.82,5103.82,1344.90,19,2,15,13,15,10,686831,7
170,-0.63,-3.88,-0.63,5103.82,1344.90,19,2,15,13,15,16,691832,7
171,-0.75,-3.88,-0.75,5103.82,1344.90,19,2,15,13,15,20,696834,7
172,-0.75,-3.96,-0.75,5103.82,1344.90,19,2,15,13,15,26,701835,7
173,-0.86,-3.92,-0.86,5103.82,1344.90,19,2,15,13,15,30,706835,7
174,-0.78,-3.84,-0.78,5103.82,1344.90,19,2,15,13,15,36,711837,7
175,-0.71,-3.92,-0.71,5103.82,1344.90,19,2,15,13,15,40,716837,7
176,-0.82,-3.92,-0.82,5103.82,1344.90,19,2,15,13,15,46,721838,7
177,-0.67,-3.88,-0.67,5103.82,1344.90,19,2,15,13,15,50,726839,7
178,-0.86,-3.88,-0.86,5103.82,1344.90,19,2,15,13,15,56,731840,7
179,-0.71,-3.88,-0.71,5103.82,1344.90,19,2,15,13,16,0,736842,7
180,-0.78,-3.92,-0.78,5103.82,1344.90,19,2,15,13,16,6,741842,7
181,-0.98,-4.79,-0.98,5103.83,1344.90,19,2,15,13,16,10,746843,7
182,-0.27,-3.69,-0.27,5103.82,1344.90,19,2,15,13,16,16,751844,7
