1,-0.86,-3.30,-0.86,0.00,0.00,0,0,0,0,0,0,6331,7
2,0.16,-6.90,0.16,5102.03,1344.55,20,2,15,13,39,41,8448,3
3,-0.71,-5.22,-0.71,5102.03,1344.55,20,2,15,13,39,43,11332,7
4,-0.31,-4.63,-0.31,5102.03,1344.55,20,2,15,13,39,47,16333,7
5,1.18,-13.69,1.18,5102.03,1344.55,20,2,15,13,39,53,20587,2
6,-0.04,-4.43,-0.04,5102.03,1344.55,20,2,15,13,39,53,21335,7
7,-0.04,-4.47,-0.04,5102.03,1344.55,20,2,15,13,39,55,23074,3
8,0.59,-5.10,0.59,5102.03,1344.55,20,2,15,13,39,57,26336,7
9,1.22,-8.43,1.22,5102.03,1344.55,20,2,15,13,40,4,31338,7
10,-1.49,-2.71,-1.49,5102.03,1344.55,20,2,15,13,40,5,33463,3
11,-0.71,-0.82,-0.71,5102.03,1344.54,20,2,15,13,40,7,34510,3
12,8.47,1.18,8.47,5102.03,1344.54,20,2,15,13,40,7,34716,2
13,0.51,-6.79,0.51,5102.03,1344.54,20,2,15,13,40,7,34762,2
14,4.39,-3.77,4.39,5102.03,1344.54,20,2,15,13,40,7,35095,2
15,3.61,-10.16,3.61,5102.03,1344.54,20,2,15,13,40,7,35224,2
16,-5.10,-18.75,-5.10,5102.03,1344.54,20,2,15,13,40,7,35468,2
17,-1.33,-4.51,-1.33,5102.03,1344.54,20,2,15,13,40,7,36339,7
18,-2.43,-5.06,-2.43,5102.04,1344.54,20,2,15,13,40,9,36519,3
19,2.08,0.59,2.08,5102.04,1344.54,20,2,15,13,40,9,36721,3
20,-1.18,-6.43,-1.18,5102.04,1344.54,20,2,15,13,40,9,36853,2
21,4.16,-3.69,4.16,5102.04,1344.54,20,2,15,13,40,9,36945,2
22,-2.20,-8.79,-2.20,5102.04,1344.54,20,2,15,13,40,9,37607,3
23,2.71,-7.61,2.71,5102.04,1344.54,20,2,15,13,40,9,37884,2
24,-5.22,-3.10,-5.22,5102.04,1344.54,20,2,15,13,40,9,38227,2
25,-15.85,-17.02,-15.85,5102.04,1344.53,20,2,15,13,40,11,38522,2
26,-0.82,-6.79,-0.82,5102.04,1344.53,20,2,15,13,40,11,38600,3
27,-0.24,-4.47,-0.24,5102.04,1344.53,20,2,15,13,40,11,38751,3
28,3.96,-13.61,3.96,5102.04,1344.53,20,2,15,13,40,11,38820,3
29,-11.02,-1.33,-11.02,5102.04,1344.53,20,2,15,13,40,11,39103,2
30,-12.87,5.26,-12.87,5102.04,1344.53,20,2,15,13,40,11,39161,2
31,-0.63,-7.10,-0.63,5102.04,1344.53,20,2,15,13,40,11,39588,3
32,7.14,-15.14,7.14,5102.04,1344.53,20,2,15,13,40,11,40046,2
33,5.30,1.96,5.30,5102.04,1344.52,20,2,15,13,40,13,40638,2
34,0.59,0.08,0.59,5102.04,1344.52,20,2,15,13,40,13,41102,2
35,-5.26,-15.18,-5.26,5102.04,1344.52,20,2,15,13,40,13,41340,7
36,-0.04,0.55,-0.04,5102.04,1344.52,20,2,15,13,40,13,41753,2
37,-1.06,-0.51,-1.06,5102.04,1344.52,20,2,15,13,40,15,42565,2
38,9.26,10.16,9.26,5102.04,1344.52,20,2,15,13,40,15,42660,2
39,-8.47,-11.14,-8.47,5102.04,1344.52,20,2,15,13,40,15,43370,2
40,2.35,2.43,2.35,5102.04,1344.52,20,2,15,13,40,15,43466,3
41,-10.51,-15.53,-10.51,5102.04,1344.52,20,2,15,13,40,15,43579,1
42,-18.79,-20.01,-18.79,5102.04,1344.52,20,2,15,13,40,15,43713,2
43,-19.77,-17.81,-19.77,5102.04,1344.52,20,2,15,13,40,15,43789,3
44,-6.08,-1.73,-6.08,5102.04,1344.52,20,2,15,13,40,15,43965,2
45,0.31,-2.08,0.31,5102.20,1344.51,20,2,15,13,40,17,44411,2
46,1.73,-1.26,1.73,5102.20,1344.51,20,2,15,13,40,17,44489,3
47,-3.53,-17.06,-3.53,5102.20,1344.51,20,2,15,13,40,17,44545,3
48,1.14,-3.96,1.14,5102.20,1344.51,20,2,15,13,40,17,44764,2
49,-20.01,20.01,-20.01,5102.20,1344.51,20,2,15,13,40,17,44880,2
50,5.77,17.65,5.77,5102.20,1344.51,20,2,15,13,40,17,44967,2
51,-8.39,20.01,-8.39,5102.20,1344.51,20,2,15,13,40,17,45138,2
52,1.96,-3.22,1.96,5102.20,1344.51,20,2,15,13,40,17,45203,1
53,-20.01,-12.79,-20.01,5102.20,1344.51,20,2,15,13,40,17,45283,2
54,-3.10,0.51,-3.10,5102.20,1344.51,20,2,15,13,40,17,45586,2
55,-16.91,-0.20,-16.91,5102.20,1344.51,20,2,15,13,40,17,45645,2
56,19.53,-20.01,19.53,5102.20,1344.51,20,2,15,13,40,17,45884,1
57,-7.06,-5.02,-7.06,5102.20,1344.51,20,2,15,13,40,17,46341,7
58,3.10,-15.34,3.10,5102.04,1344.51,20,2,15,13,40,19,46407,3
59,4.43,0.47,4.43,5102.04,1344.51,20,2,15,13,40,19,47237,2
60,3.37,-19.61,3.37,5102.04,1344.51,20,2,15,13,40,19,47408,2
61,-2.00,-1.88,-2.00,5102.04,1344.51,20,2,15,13,40,19,47500,2
62,-2.55,3.33,-2.55,5102.04,1344.51,20,2,15,13,40,19,47664,2
63,-8.94,-1.29,-8.94,5102.04,1344.51,20,2,15,13,40,19,47719,2
64,2.16,-15.46,2.16,5102.04,1344.51,20,2,15,13,40,19,47874,2
65,5.53,-6.24,5.53,5102.04,1344.51,20,2,15,13,40,19,47933,2
66,-10.90,-20.01,-10.90,5102.04,1344.50,20,2,15,13,40,21,48501,3
67,0.27,3.30,0.27,5102.04,1344.50,20,2,15,13,40,21,48579,1
68,-1.73,-7.81,-1.73,5102.04,1344.50,20,2,15,13,40,21,48896,2
69,-0.24,-1.69,-0.24,5102.04,1344.50,20,2,15,13,40,21,49027,2
70,-1.65,-0.67,-1.65,5102.04,1344.50,20,2,15,13,40,21,49229,2
71,3.80,4.47,3.80,5102.04,1344.50,20,2,15,13,40,21,49371,3
72,1.41,-3.18,1.41,5102.04,1344.50,20,2,15,13,40,21,49445,3
73,-0.86,0.75,-0.86,5102.04,1344.50,20,2,15,13,40,21,49654,2
74,-3.69,-6.71,-3.69,5102.04,1344.50,20,2,15,13,40,21,49959,3
75,-0.04,7.61,-0.04,5102.04,1344.50,20,2,15,13,40,21,50283,1
76,9.10,10.24,9.10,5102.04,1344.50,20,2,15,13,40,21,50394,2
77,-19.38,-1.18,-19.38,5102.04,1344.49,20,2,15,13,40,23,51150,2
78,1.14,-3.84,1.14,5102.04,1344.49,20,2,15,13,40,23,51343,7
79,-8.83,-7.73,-8.83,5102.04,1344.49,20,2,15,13,40,23,51486,3
80,-20.01,0.98,-20.01,5102.04,1344.49,20,2,15,13,40,23,51680,3
81,-14.32,-17.10,-14.32,5102.04,1344.49,20,2,15,13,40,23,51826,3
82,-7.06,7.30,-7.06,5102.04,1344.49,20,2,15,13,40,23,52222,3
83,-18.32,-4.82,-18.32,5102.04,1344.49,20,2,15,13,40,23,52272,3
84,-2.47,4.98,-2.47,5102.04,1344.49,20,2,15,13,40,25,52478,2
85,-2.39,1.77,-2.39,5102.04,1344.49,20,2,15,13,40,25,52775,2
86,-6.32,-12.63,-6.32,5102.04,1344.49,20,2,15,13,40,25,53172,3
87,-2.00,-7.45,-2.00,5102.04,1344.49,20,2,15,13,40,25,53255,2
88,3.69,-11.57,3.69,5102.04,1344.49,20,2,15,13,40,25,53441,3
89,-11.85,-0.63,-11.85,5102.04,1344.49,20,2,15,13,40,25,53519,3
90,-15.22,-20.01,-15.22,5102.04,1344.49,20,2,15,13,40,25,54296,3
91,2.67,-1.80,2.67,5102.05,1344.48,0,0,0,13,40,27,55058,2
92,2.55,-6.63,2.55,5102.05,1344.48,0,0,0,13,40,27,56344,7
93,-0.20,4.08,-0.20,5102.05,1344.48,20,2,15,13,40,29,57003,3
94,-14.83,17.69,-14.83,5102.05,1344.48,20,2,15,13,40,29,58044,2
95,-4.51,11.92,-4.51,5102.05,1344.47,20,2,15,13,40,31,59049,3
96,-6.24,9.10,-6.24,5102.05,1344.47,20,2,15,13,40,31,59514,3
97,-2.00,0.16,-2.00,5102.05,1344.47,20,2,15,13,40,31,59681,3
98,-0.20,2.90,-0.20,5102.05,1344.47,20,2,15,13,40,31,60156,2
99,4.51,3.69,4.51,5102.05,1344.47,20,2,15,13,40,31,60231,3
100,4.51,-3.22,4.51,5102.05,1344.46,20,2,15,13,40,33,61179,3
101,2.51,-10.59,2.51,5102.05,1344.46,20,2,15,13,40,33,61294,2
102,9.53,2.55,9.53,5102.05,1344.46,20,2,15,13,40,33,61346,7
103,0.47,-5.49,0.47,5102.05,1344.46,20,2,15,13,40,33,61575,2
104,1.53,-1.10,1.53,5102.05,1344.46,20,2,15,13,40,33,61631,2
105,-20.01,12.59,-20.01,5102.05,1344.46,20,2,15,13,40,35,62900,3
106,-4.71,-7.37,-4.71,5102.05,1344.46,20,2,15,13,40,35,63779,3
107,9.10,3.84,9.10,5102.05,1344.46,20,2,15,13,40,35,63921,3
108,0.04,2.31,0.04,5102.05,1344.46,20,2,15,13,40,35,64156,1
109,-4.86,-3.33,-4.86,5102.05,1344.46,20,2,15,13,40,35,64384,3
110,-14.16,1.88,-14.16,5102.05,1344.45,20,2,15,13,40,37,64492,2
111,16.08,-6.67,16.08,5102.05,1344.45,20,2,15,13,40,37,64703,2
112,-0.55,-5.49,-0.55,5102.05,1344.45,20,2,15,13,40,37,64761,2
113,-2.79,-20.01,-2.79,5102.05,1344.45,20,2,15,13,40,37,64931,2
114,2.90,-20.01,2.90,5102.05,1344.45,20,2,15,13,40,37,64984,2
115,10.90,14.47,10.90,5102.05,1344.45,20,2,15,13,40,37,65196,1
116,-2.28,-3.49,-2.28,5102.05,1344.45,20,2,15,13,40,37,65918,2
117,1.33,-15.89,1.33,5102.05,1344.45,20,2,15,13,40,37,66072,2
118,-2.43,-2.31,-2.43,5102.05,1344.45,20,2,15,13,40,37,66162,2
119,-4.59,3.14,-4.59,5102.05,1344.45,20,2,15,13,40,37,66302,3
120,-0.90,5.30,-0.90,5102.05,1344.45,20,2,15,13,40,37,66352,7
121,8.83,-11.96,8.83,5102.05,1344.45,20,2,15,13,40,39,67209,3
122,-3.41,-2.75,-3.41,5102.05,1344.45,20,2,15,13,40,39,67439,2
123,0.55,-15.49,0.55,5102.05,1344.45,20,2,15,13,40,39,67731,2
124,6.35,-2.20,6.35,5102.05,1344.45,20,2,15,13,40,39,68128,3
125,4.20,-2.75,4.20,5102.06,1344.44,20,2,15,13,40,41,68802,3
126,7.53,-12.28,7.53,5102.06,1344.44,20,2,15,13,40,41,69896,2
127,0.16,-1.96,0.16,5102.06,1344.44,20,2,15,13,40,41,70029,2
128,-3.80,14.00,-3.80,5102.06,1344.43,20,2,15,13,40,43,70532,1
129,-3.37,-6.35,-3.37,5102.06,1344.43,20,2,15,13,40,43,70712,2
130,-2.39,2.35,-2.39,5102.06,1344.43,20,2,15,13,40,43,71289,2
131,2.67,-7.34,2.67,5102.06,1344.43,20,2,15,13,40,43,71353,7
132,0.71,-0.08,0.71,5102.06,1344.43,20,2,15,13,40,43,71431,2
133,-6.04,-19.02,-6.04,5102.06,1344.43,20,2,15,13,40,43,71907,2
134,-1.65,-4.75,-1.65,5102.06,1344.43,20,2,15,13,40,45,73946,3
135,3.22,-11.02,3.22,5102.06,1344.42,20,2,15,13,40,47,75469,3
136,-8.28,18.08,-8.28,5102.06,1344.42,20,2,15,13,40,47,75890,3
137,-2.12,-1.61,-2.12,5102.06,1344.42,20,2,15,13,40,47,76355,7
138,-1.45,-4.75,-1.45,5102.06,1344.42,20,2,15,13,40,49,77105,2
139,8.43,-10.08,8.43,5102.06,1344.42,20,2,15,13,40,49,77513,3
140,-1.49,-0.24,-1.49,5102.06,1344.42,20,2,15,13,40,49,78031,3
141,-6.16,-6.63,-6.16,5102.06,1344.42,20,2,15,13,40,49,78364,2
142,-4.67,-4.35,-4.67,5102.06,1344.42,20,2,15,13,40,49,78456,2
143,-6.83,-2.59,-6.83,5102.06,1344.41,20,2,15,13,40,51,78790,2
144,4.94,16.63,4.94,5102.06,1344.41,20,2,15,13,40,51,79120,2
145,4.82,-1.61,4.82,5102.06,1344.41,20,2,15,13,40,51,79633,3
146,2.08,2.67,2.08,5102.06,1344.41,20,2,15,13,40,51,79870,3
147,-4.94,-0.16,-4.94,5102.06,1344.41,20,2,15,13,40,51,80163,2
148,-2.35,-7.96,-2.35,5102.06,1344.41,20,2,15,13,40,51,80304,2
149,0.31,-1.96,0.31,5102.06,1344.41,20,2,15,13,40,51,80416,3
150,4.63,18.79,4.63,5102.06,1344.40,20,2,15,13,40,53,80586,2
151,-0.82,-1.29,-0.82,5102.06,1344.40,20,2,15,13,40,53,80646,3
152,-6.24,-4.00,-6.24,5102.06,1344.40,20,2,15,13,40,53,81357,7
153,-5.37,-6.51,-5.37,5102.06,1344.40,20,2,15,13,40,53,81812,3
154,-5.33,-16.59,-5.33,5102.06,1344.40,20,2,15,13,40,53,82100,3
155,-1.26,-12.87,-1.26,5102.06,1344.40,20,2,15,13,40,55,82825,2
156,0.00,-12.12,0.00,5102.06,1344.40,20,2,15,13,40,55,83584,3
157,16.79,-20.01,16.79,5102.06,1344.40,20,2,15,13,40,55,83930,2
158,10.47,-5.18,10.47,5102.07,1344.39,20,2,15,13,40,57,84531,2
159,10.47,-5.18,10.47,5102.07,1344.39,20,2,15,13,40,57,84551,3
160,2.08,9.69,2.08,5102.07,1344.39,20,2,15,13,40,57,85163,2
161,-4.51,13.53,-4.51,5102.07,1344.39,20,2,15,13,40,57,85303,3
162,1.26,-15.57,1.26,5102.07,1344.39,20,2,15,13,40,57,85379,3
163,20.01,-5.18,20.01,5102.07,1344.39,20,2,15,13,40,57,85510,2
164,-1.73,-4.90,-1.73,5102.07,1344.39,20,2,15,13,40,57,85796,2
165,-17.26,-19.77,-17.26,5102.07,1344.39,20,2,15,13,40,57,85882,3
166,10.20,3.53,10.20,5102.07,1344.39,20,2,15,13,40,57,86330,3
167,4.86,-6.24,4.86,5102.07,1344.39,20,2,15,13,40,57,86379,7
168,0.20,5.45,0.20,5102.07,1344.39,20,2,15,13,40,59,86820,2
169,-0.71,5.30,-0.71,5102.07,1344.39,20,2,15,13,40,59,87254,2
170,-13.10,-20.01,-13.10,5102.07,1344.39,20,2,15,13,40,59,87405,3
171,-20.01,-18.24,-20.01,5102.07,1344.39,20,2,15,13,40,59,87593,3
172,-1.33,1.88,-1.33,5102.07,1344.39,20,2,15,13,40,59,87703,2
173,-5.26,-14.47,-5.26,5102.07,1344.39,20,2,15,13,40,59,88206,3
174,-9.92,-1.26,-9.92,5102.07,1344.38,20,2,15,13,41,1,88834,3
175,-2.59,-4.00,-2.59,5102.07,1344.38,20,2,15,13,41,1,89063,3
176,-9.85,3.10,-9.85,5102.07,1344.38,20,2,15,13,41,1,89168,2
177,-2.67,-7.34,-2.67,5102.07,1344.38,20,2,15,13,41,1,89814,2
178,5.45,-13.65,5.45,5102.07,1344.38,20,2,15,13,41,1,89908,3
179,-3.61,5.96,-3.61,5102.07,1344.38,20,2,15,13,41,1,89984,3
180,7.10,15.22,7.10,5102.07,1344.38,20,2,15,13,41,1,90170,3
181,-0.86,-3.88,-0.86,5102.07,1344.37,20,2,15,13,41,3,90665,3
182,14.12,-8.12,14.12,5102.07,1344.37,20,2,15,13,41,3,90934,3
183,0.75,-8.28,0.75,5102.07,1344.37,20,2,15,13,41,3,91107,2
184,6.94,9.06,6.94,5102.07,1344.37,20,2,15,13,41,3,91381,7
185,-3.69,-3.30,-3.69,5102.07,1344.37,20,2,15,13,41,3,91533,2
186,-0.86,-0.24,-0.86,5102.07,1344.37,20,2,15,13,41,3,91799,3
187,3.73,-6.00,3.73,5102.07,1344.37,20,2,15,13,41,3,91862,3
188,1.41,-12.24,1.41,5102.07,1344.37,20,2,15,13,41,3,92188,3
189,3.10,-4.59,3.10,5102.07,1344.37,20,2,15,13,41,3,92395,3
190,8.16,-12.32,8.16,5102.07,1344.37,20,2,15,13,41,3,92506,2
191,-4.59,10.55,-4.59,5102.07,1344.37,20,2,15,13,41,5,93590,2
192,-1.80,6.08,-1.80,5102.07,1344.37,20,2,15,13,41,5,93848,3
193,-3.45,-2.35,-3.45,5102.07,1344.37,20,2,15,13,41,5,93941,3
194,1.06,15.69,1.06,5102.07,1344.36,20,2,15,13,41,7,94780,2
195,-1.06,-3.10,-1.06,5102.07,1344.36,20,2,15,13,41,7,94895,3
196,5.45,-7.30,5.45,5102.07,1344.36,20,2,15,13,41,7,95290,2
197,15.22,2.94,15.22,5102.07,1344.36,20,2,15,13,41,7,95563,3
198,-3.80,-19.50,-3.80,5102.07,1344.36,20,2,15,13,41,7,95707,3
199,-3.77,1.10,-3.77,5102.07,1344.36,20,2,15,13,41,7,96382,7
200,-4.55,-8.16,-4.55,5102.07,1344.35,20,2,15,13,41,9,96629,3
201,1.49,-12.00,1.49,5102.07,1344.35,20,2,15,13,41,9,96686,2
202,-2.51,20.01,-2.51,5102.07,1344.35,20,2,15,13,41,9,96919,2
203,-1.73,-5.14,-1.73,5102.07,1344.35,20,2,15,13,41,9,97150,3
204,1.18,-19.61,1.18,5102.07,1344.35,20,2,15,13,41,9,97529,3
205,-1.88,4.82,-1.88,5102.07,1344.35,20,2,15,13,41,9,97874,2
206,-2.24,2.39,-2.24,5102.07,1344.35,20,2,15,13,41,9,97977,2
207,1.80,-2.12,1.80,5102.07,1344.35,20,2,15,13,41,9,98132,3
208,-4.86,-1.18,-4.86,5102.07,1344.35,20,2,15,13,41,9,98198,3
209,18.55,19.73,18.55,5102.07,1344.35,20,2,15,13,41,9,98275,2
210,3.37,-17.14,3.37,5102.07,1344.35,20,2,15,13,41,9,98384,2
211,1.92,1.41,1.92,5102.07,1344.35,20,2,15,13,41,9,98440,2
212,1.61,-5.69,1.61,5102.08,1344.35,20,2,15,13,41,11,99169,3
213,17.89,-17.26,17.89,5102.08,1344.35,20,2,15,13,41,11,99278,1
214,-1.57,-5.49,-1.57,5102.08,1344.35,20,2,15,13,41,11,99627,3
215,10.87,-4.71,10.87,5102.08,1344.35,20,2,15,13,41,11,99718,2
216,3.10,-11.38,3.10,5102.08,1344.35,20,2,15,13,41,11,100251,2
217,6.79,-1.29,6.79,5102.08,1344.35,20,2,15,13,41,11,100308,2
218,-8.08,-18.04,-8.08,5102.08,1344.35,20,2,15,13,41,11,100482,3
219,-11.61,-20.01,-11.61,5102.08,1344.34,20,2,15,13,41,13,100570,1
220,-9.02,-14.44,-9.02,5102.08,1344.34,20,2,15,13,41,13,100737,2
221,6.43,17.14,6.43,5102.08,1344.34,20,2,15,13,41,13,101069,2
222,0.16,10.94,0.16,5102.08,1344.34,20,2,15,13,41,13,101166,2
223,4.98,3.10,4.98,5102.08,1344.34,20,2,15,13,41,13,101303,3
224,19.46,8.16,19.46,5102.08,1344.34,20,2,15,13,41,13,101383,7
225,1.53,-10.12,1.53,5102.08,1344.34,20,2,15,13,41,13,101577,1
226,5.02,-10.75,5.02,5102.08,1344.34,20,2,15,13,41,13,101657,2
227,0.82,-3.57,0.82,5102.08,1344.34,20,2,15,13,41,13,102220,2
228,5.33,-4.51,5.33,5102.08,1344.34,20,2,15,13,41,13,102290,2
229,-2.86,-6.67,-2.86,5102.08,1344.34,20,2,15,13,41,13,102459,2
230,4.04,3.22,4.04,0.00,0.00,20,2,15,13,41,15,102647,2
231,-6.94,-6.75,-6.94,0.00,0.00,20,2,15,13,41,15,102707,3
232,-3.77,-0.20,-3.77,0.00,0.00,20,2,15,13,41,15,102850,3
233,-1.69,1.26,-1.69,0.00,0.00,20,2,15,13,41,15,104027,3
234,-0.90,-13.77,-0.90,0.00,0.00,20,2,15,13,41,15,104390,2
235,1.29,-5.14,1.29,5102.08,1344.33,20,2,15,13,41,17,105101,3
236,-0.78,5.84,-0.78,5102.08,1344.33,20,2,15,13,41,17,105497,2
237,-0.55,7.85,-0.55,5102.08,1344.33,20,2,15,13,41,17,105759,2
238,-0.20,-2.82,-0.20,5102.08,1344.33,20,2,15,13,41,17,105991,3
239,5.37,-8.47,5.37,5102.08,1344.33,20,2,15,13,41,17,106096,2
240,-2.20,-2.86,-2.20,5102.08,1344.33,20,2,15,13,41,17,106384,7
241,11.45,-4.59,11.45,5102.08,1344.32,20,2,15,13,41,19,107027,3
242,-6.00,-0.55,-6.00,5102.08,1344.32,20,2,15,13,41,19,107088,2
243,17.22,-12.59,17.22,5102.08,1344.32,20,2,15,13,41,19,107381,3
244,-8.55,-7.06,-8.55,5102.08,1344.32,20,2,15,13,41,19,107746,2
245,1.84,-7.14,1.84,5102.08,1344.32,20,2,15,13,41,21,109216,2
246,0.71,-5.69,0.71,5102.08,1344.32,20,2,15,13,41,21,109367,2
247,2.67,-1.14,2.67,5102.08,1344.32,20,2,15,13,41,21,109628,2
248,3.77,-0.35,3.77,5102.08,1344.32,20,2,15,13,41,21,110033,3
249,-2.75,13.65,-2.75,5102.08,1344.32,20,2,15,13,41,21,110120,3
250,7.81,15.61,7.81,5102.08,1344.31,20,2,15,13,41,23,110971,3
251,-3.84,-8.36,-3.84,5102.08,1344.31,20,2,15,13,41,23,111090,2
252,-1.29,-3.92,-1.29,5102.08,1344.31,20,2,15,13,41,23,111386,7
253,3.77,-18.36,3.77,5102.08,1344.31,20,2,15,13,41,23,111483,3
254,1.69,0.67,1.69,5102.08,1344.31,20,2,15,13,41,23,112257,2
255,2.04,1.26,2.04,5102.08,1344.31,20,2,15,13,41,23,112336,2
256,1.14,-3.41,1.14,5102.08,1344.30,20,2,15,13,41,25,112840,2
257,0.20,8.39,0.20,5102.08,1344.30,20,2,15,13,41,25,114319,3
258,14.40,-12.47,14.40,5102.08,1344.30,20,2,15,13,41,25,114399,3
259,0.94,7.45,0.94,5102.08,1344.30,20,2,15,13,41,25,114476,2
260,11.81,-20.01,11.81,5102.08,1344.30,20,2,15,13,41,25,114555,2
261,-18.48,-9.73,-18.48,5102.08,1344.30,20,2,15,13,41,27,114657,2
262,6.00,11.69,6.00,5102.08,1344.30,20,2,15,13,41,27,114767,2
263,8.24,-11.26,8.24,5102.08,1344.30,20,2,15,13,41,27,114871,2
264,1.53,4.24,1.53,5102.08,1344.30,20,2,15,13,41,27,114924,2
265,-18.44,-4.86,-18.44,5102.08,1344.30,20,2,15,13,41,27,115100,2
266,-7.69,-1.41,-7.69,5102.08,1344.30,20,2,15,13,41,27,115160,2
267,3.37,-7.18,3.37,5102.08,1344.30,20,2,15,13,41,27,116388,7
268,2.35,0.08,2.35,5102.09,1344.29,20,2,15,13,41,29,116695,2
269,14.44,-13.14,14.44,5102.09,1344.29,20,2,15,13,41,29,118433,3
270,-14.04,-18.79,-14.04,5102.09,1344.29,20,2,15,13,41,31,118779,2
271,12.94,-20.01,12.94,5102.09,1344.29,20,2,15,13,41,31,119002,2
272,-18.40,-18.28,-18.40,5102.09,1344.29,20,2,15,13,41,31,119090,1
273,-6.08,-1.10,-6.08,5102.09,1344.28,20,2,15,13,41,34,121389,7
274,-1.06,3.37,-1.06,5102.09,1344.27,20,2,15,13,41,35,123567,3
275,-4.43,1.65,-4.43,5102.09,1344.27,20,2,15,13,41,37,126390,7
276,5.26,1.84,5.26,5102.09,1344.26,20,2,15,13,41,40,127144,3
277,2.63,-4.63,2.63,5102.09,1344.25,20,2,15,13,41,41,129208,3
278,-6.32,17.57,-6.32,5102.09,1344.25,20,2,15,13,41,41,130208,2
279,-2.31,-0.27,-2.31,5102.09,1344.25,20,2,15,13,41,41,130315,2
280,-7.06,-4.71,-7.06,5102.09,1344.25,20,2,15,13,41,41,130479,2
281,4.94,6.16,4.94,5102.09,1344.25,20,2,15,13,41,44,131005,2
282,-0.43,-7.14,-0.43,5102.09,1344.25,20,2,15,13,41,44,131391,7
283,3.80,-5.92,3.80,5102.09,1344.25,20,2,15,13,41,44,132364,3
284,-2.35,-11.38,-2.35,5102.09,1344.24,20,2,15,13,41,46,134142,2
285,-8.12,-19.81,-8.12,5102.09,1344.24,20,2,15,13,41,46,134199,2
286,-0.75,-3.33,-0.75,5102.09,1344.24,20,2,15,13,41,46,134548,3
287,1.69,-1.69,1.69,5102.09,1344.24,20,2,15,13,41,47,134745,3
288,0.71,-3.96,0.71,5102.09,1344.24,20,2,15,13,41,47,134875,2
289,2.94,-2.59,2.94,5102.09,1344.24,20,2,15,13,41,47,135168,3
290,-2.24,-5.77,-2.24,5102.09,1344.24,20,2,15,13,41,47,135540,2
291,2.67,-5.49,2.67,5102.09,1344.24,20,2,15,13,41,47,136018,3
292,-0.27,-7.06,-0.27,5102.09,1344.24,20,2,15,13,41,47,136187,3
293,-1.06,-4.16,-1.06,5102.09,1344.24,20,2,15,13,41,47,136392,7
294,-0.51,2.20,-0.51,5102.10,1344.22,20,2,15,13,41,52,138980,3
295,-0.16,-0.94,-0.16,5102.10,1344.22,20,2,15,13,41,52,139080,3
296,0.16,-5.61,0.16,5102.10,1344.22,20,2,15,13,41,52,139204,3
297,-3.77,-1.49,-3.77,5102.10,1344.22,20,2,15,13,41,52,140502,2
298,-2.63,-3.96,-2.63,5102.10,1344.21,20,2,15,13,41,53,141331,2
299,-1.80,-1.77,-1.80,5102.10,1344.21,20,2,15,13,41,53,141393,7
300,9.89,-7.18,9.89,5102.10,1344.21,20,2,15,13,41,53,141490,3
301,3.65,-2.43,3.65,5102.10,1344.21,20,2,15,13,41,53,141722,3
302,-5.61,-6.35,-5.61,5102.10,1344.21,20,2,15,13,41,53,142467,1
303,5.73,-14.16,5.73,5102.10,1344.21,20,2,15,13,41,55,143147,2
304,-12.91,20.01,-12.91,5102.10,1344.21,20,2,15,13,41,55,143902,3
305,-2.35,6.90,-2.35,5102.10,1344.21,20,2,15,13,41,55,144001,3
306,3.14,-4.59,3.14,5102.10,1344.21,20,2,15,13,41,55,144179,2
307,-8.28,-20.01,-8.28,5102.10,1344.20,20,2,15,13,41,58,144689,1
308,7.61,14.75,7.61,5102.10,1344.20,20,2,15,13,41,58,144766,3
309,-6.43,-0.75,-6.43,5102.10,1344.20,20,2,15,13,41,58,144828,3
310,-10.55,-20.01,-10.55,5102.10,1344.20,20,2,15,13,41,58,145329,2
311,3.45,-3.65,3.45,5102.10,1344.20,20,2,15,13,41,58,146193,2
312,3.92,-1.10,3.92,5102.10,1344.20,20,2,15,13,41,58,146395,7
313,-0.59,-4.20,-0.59,5102.10,1344.19,20,2,15,13,42,0,146841,2
314,-3.18,-4.12,-3.18,5102.10,1344.19,20,2,15,13,42,0,147974,3
315,-1.84,-9.57,-1.84,5102.10,1344.19,20,2,15,13,42,0,148427,2
316,15.10,-20.01,15.10,5102.11,1344.18,20,2,15,13,42,2,149295,3
317,4.94,-10.24,4.94,5102.11,1344.18,20,2,15,13,42,2,149543,2
318,-0.82,-6.24,-0.82,5102.11,1344.18,20,2,15,13,42,2,149934,2
319,-1.14,0.20,-1.14,5102.11,1344.18,20,2,15,13,42,2,150020,1
320,9.38,-1.22,9.38,5102.11,1344.18,20,2,15,13,42,2,150076,2
321,-11.14,10.08,-11.14,5102.11,1344.18,20,2,15,13,42,4,150679,2
322,-2.94,1.22,-2.94,5102.11,1344.18,20,2,15,13,42,4,150735,3
323,9.96,-13.18,9.96,5102.11,1344.18,20,2,15,13,42,4,151396,7
324,1.41,-6.59,1.41,5102.11,1344.18,20,2,15,13,42,4,151818,3
325,-4.00,-0.55,-4.00,5102.11,1344.17,20,2,15,13,42,6,152707,3
326,-0.86,-6.79,-0.86,5102.11,1344.17,20,2,15,13,42,6,152987,2
327,1.53,0.71,1.53,5102.11,1344.17,20,2,15,13,42,6,153473,3
328,1.41,-10.75,1.41,5102.11,1344.17,20,2,15,13,42,6,153639,3
329,-1.84,-16.08,-1.84,5102.11,1344.17,20,2,15,13,42,6,154029,2
330,-1.33,-3.02,-1.33,5102.11,1344.17,20,2,15,13,42,6,154088,3
331,20.01,-6.39,20.01,5102.11,1344.17,20,2,15,13,42,6,154209,2
332,-19.26,0.12,-19.26,5102.11,1344.16,20,2,15,13,42,8,155922,3
333,4.31,13.77,4.31,5102.11,1344.16,20,2,15,13,42,8,156078,2
334,6.04,-11.77,6.04,5102.11,1344.16,20,2,15,13,42,8,156184,2
335,-2.35,-1.69,-2.35,5102.11,1344.16,20,2,15,13,42,8,156249,3
336,1.69,3.14,1.69,5102.11,1344.16,20,2,15,13,42,8,156397,7
337,8.67,13.57,8.67,5102.11,1344.16,20,2,15,13,42,10,158519,2
338,-3.45,-2.35,-3.45,5102.11,1344.16,20,2,15,13,42,11,159151,3
339,-6.20,-0.47,-6.20,5102.11,1344.16,20,2,15,13,42,11,159880,3
340,-2.04,1.53,-2.04,5102.11,1344.16,20,2,15,13,42,11,160575,3
341,-18.75,6.35,-18.75,5102.11,1344.15,20,2,15,13,42,13,161042,3
342,5.49,-17.50,5.49,5102.11,1344.15,20,2,15,13,42,13,161153,2
343,0.27,-1.06,0.27,5102.11,1344.15,20,2,15,13,42,13,161398,7
344,-4.67,18.55,-4.67,5102.11,1344.15,20,2,15,13,42,13,161727,2
345,14.32,11.14,14.32,5102.11,1344.15,20,2,15,13,42,13,161937,3
346,-18.95,0.98,-18.95,5102.11,1344.15,20,2,15,13,42,13,162081,2
347,5.77,12.98,5.77,5102.11,1344.15,20,2,15,13,42,13,162145,3
348,-2.90,-6.90,-2.90,5102.11,1344.15,20,2,15,13,42,13,162255,1
349,-20.01,-13.85,-20.01,5102.11,1344.15,20,2,15,13,42,13,162320,3
350,-1.49,-5.26,-1.49,5102.11,1344.14,20,2,15,13,42,16,162813,2
351,-1.37,-0.63,-1.37,5102.11,1344.14,20,2,15,13,42,16,162885,2
352,8.12,-19.57,8.12,5102.11,1344.14,20,2,15,13,42,16,163338,2
353,-2.75,2.59,-2.75,5102.11,1344.14,20,2,15,13,42,16,163433,1
354,-13.42,-17.34,-13.42,5102.11,1344.14,20,2,15,13,42,16,163540,2
355,-5.33,2.55,-5.33,5102.11,1344.14,20,2,15,13,42,16,164447,3
356,-12.63,-20.01,-12.63,5102.11,1344.14,20,2,15,13,42,16,164550,2
357,-17.89,-1.22,-17.89,5102.11,1344.14,20,2,15,13,42,16,164620,2
358,-0.47,12.04,-0.47,5102.12,1344.13,20,2,15,13,42,17,165213,3
359,-2.51,2.59,-2.51,5102.12,1344.13,20,2,15,13,42,17,165313,2
360,-15.93,19.06,-15.93,5102.12,1344.13,20,2,15,13,42,17,165383,2
361,-1.96,-8.87,-1.96,5102.12,1344.13,20,2,15,13,42,17,165783,3
362,-7.41,-16.44,-7.41,5102.12,1344.13,20,2,15,13,42,17,165909,3
363,8.16,13.57,8.16,5102.12,1344.13,20,2,15,13,42,17,166041,3
364,11.30,-15.73,11.30,5102.12,1344.13,20,2,15,13,42,17,166182,3
365,-1.18,18.63,-1.18,5102.12,1344.13,20,2,15,13,42,17,166353,3
366,-4.39,8.67,-4.39,5102.12,1344.13,20,2,15,13,42,17,166405,7
367,17.65,-1.61,17.65,5102.12,1344.13,20,2,15,13,42,17,166528,2
368,-0.90,-4.35,-0.90,5102.12,1344.13,20,2,15,13,42,17,166588,2
369,-2.82,-4.55,-2.82,5102.12,1344.13,20,2,15,13,42,19,166807,3
370,2.86,-0.39,2.86,5102.12,1344.13,20,2,15,13,42,19,167112,2
371,12.24,-16.99,12.24,5102.12,1344.13,20,2,15,13,42,19,167182,2
372,-20.01,20.01,-20.01,5102.12,1344.13,20,2,15,13,42,19,167396,2
373,-0.63,-9.38,-0.63,5102.12,1344.13,20,2,15,13,42,19,167469,3
374,-5.30,-18.04,-5.30,5102.12,1344.13,20,2,15,13,42,19,167986,2
375,1.92,4.28,1.92,5102.12,1344.13,20,2,15,13,42,19,168189,1
376,-0.90,-1.10,-0.90,5102.12,1344.13,20,2,15,13,42,19,168247,2
377,0.16,-14.00,0.16,5102.12,1344.13,20,2,15,13,42,19,168393,3
378,-8.71,16.51,-8.71,5102.12,1344.13,20,2,15,13,42,19,168470,3
379,7.61,6.04,7.61,5102.12,1344.13,20,2,15,13,42,19,168539,3
380,3.45,-8.24,3.45,5102.12,1344.13,20,2,15,13,42,19,168694,3
381,-0.90,2.98,-0.90,502.12,1344.11,0,2,15,13,42,20,168780,2
382,-6.83,-15.85,-6.83,502.12,1344.11,0,2,15,13,42,20,168871,2
383,-2.28,-2.20,-2.28,502.12,1344.11,0,2,15,13,42,20,169022,2
384,3.65,-6.51,3.65,502.12,1344.11,0,2,15,13,42,20,169366,2
385,8.79,-7.88,8.79,502.12,1344.11,0,2,15,13,42,20,169600,2
386,20.01,20.01,20.01,502.12,1344.11,0,2,15,13,42,20,170033,3
387,-4.59,0.47,-4.59,502.12,1344.11,0,2,15,13,42,20,170139,2
388,-0.98,19.73,-0.98,502.12,1344.11,0,2,15,13,42,20,170206,3
389,-10.36,-1.29,-10.36,502.12,1344.11,0,2,15,13,42,20,170599,2
390,-0.35,5.33,-0.35,502.12,1344.11,0,2,15,13,42,20,170669,2
391,-0.75,1.18,-0.75,5102.12,1344.11,20,2,15,13,42,23,171155,1
392,-1.61,8.94,-1.61,5102.12,1344.11,20,2,15,13,42,23,171407,7
393,1.41,-9.49,1.41,5102.12,1344.11,20,2,15,13,42,23,171549,3
394,20.01,2.04,20.01,5102.12,1344.11,20,2,15,13,42,23,171651,3
395,19.02,20.04,19.02,5102.12,1344.11,20,2,15,13,42,23,171964,2
396,-5.22,4.67,-5.22,5102.12,1344.11,20,2,15,13,42,23,172122,2
397,-3.22,1.45,-3.22,5102.12,1344.11,20,2,15,13,42,23,172186,2
398,19.10,-20.01,19.10,5102.12,1344.11,20,2,15,13,42,23,172296,2
399,17.81,20.01,17.81,5102.12,1344.11,20,2,15,13,42,23,172480,3
400,0.27,8.00,0.27,5102.12,1344.10,20,2,15,13,42,26,172745,2
401,-6.39,-2.51,-6.39,5102.12,1344.10,20,2,15,13,42,26,173031,3
402,-0.47,-5.30,-0.47,5102.12,1344.10,20,2,15,13,42,26,173094,2
403,0.00,9.26,0.00,5102.12,1344.10,20,2,15,13,42,26,173350,1
404,0.47,16.79,0.47,5102.12,1344.10,20,2,15,13,42,26,173627,3
405,-3.84,2.00,-3.84,5102.12,1344.10,20,2,15,13,42,26,174070,1
406,-14.08,-20.01,-14.08,5102.12,1344.10,20,2,15,13,42,26,174304,3
407,-1.26,11.18,-1.26,5102.12,1344.10,20,2,15,13,42,26,174384,2
408,3.53,-8.67,3.53,5102.12,1344.10,20,2,15,13,42,26,174483,2
409,-0.86,9.89,-0.86,5102.12,1344.10,20,2,15,13,42,26,174675,1
410,-5.45,-0.27,-5.45,5102.12,1344.09,20,2,15,13,42,28,174878,2
411,-1.96,-3.26,-1.96,5102.12,1344.09,20,2,15,13,42,28,175040,3
412,19.89,20.01,19.89,5102.12,1344.09,20,2,15,13,42,28,175097,2
413,-18.20,-15.14,-18.20,5102.12,1344.09,20,2,15,13,42,28,175205,3
414,-2.67,5.77,-2.67,5102.12,1344.09,20,2,15,13,42,28,175456,3
415,2.12,-8.87,2.12,5102.12,1344.09,20,2,15,13,42,28,175627,2
416,15.34,-6.67,15.34,5102.12,1344.09,20,2,15,13,42,28,175769,3
417,-0.59,2.16,-0.59,5102.12,1344.09,20,2,15,13,42,28,175992,2
418,-3.80,-20.01,-3.80,5102.12,1344.09,20,2,15,13,42,28,176277,3
419,15.57,18.59,15.57,5102.12,1344.09,20,2,15,13,42,28,176407,7
420,3.06,-7.53,3.06,5102.12,1344.09,20,2,15,13,42,28,176503,3
421,-8.51,1.26,-8.51,5102.12,1344.09,20,2,15,13,42,28,176661,2
422,-12.91,-15.89,-12.91,5102.12,1344.09,20,2,15,13,42,28,176735,2
423,20.01,-10.63,20.01,5102.12,1344.09,20,2,15,13,42,30,176960,3
424,-0.43,-2.00,-0.43,5102.12,1344.09,20,2,15,13,42,30,177143,2
425,0.43,-3.92,0.43,5102.12,1344.09,20,2,15,13,42,30,177256,2
426,14.12,-17.50,14.12,5102.12,1344.09,20,2,15,13,42,30,177779,3
427,-18.28,9.61,-18.28,5102.12,1344.09,20,2,15,13,42,30,177991,2
428,2.35,-3.61,2.35,5102.12,1344.09,20,2,15,13,42,30,178589,3
429,-6.98,-14.40,-6.98,5102.12,1344.09,20,2,15,13,42,30,178729,2
430,5.10,-11.96,5.10,5102.13,1344.08,20,2,15,13,42,32,178849,2
431,14.32,3.80,14.32,5102.13,1344.08,20,2,15,13,42,32,179129,2
432,11.81,-2.86,11.81,5102.13,1344.08,20,2,15,13,42,32,179726,3
433,4.39,-5.02,4.39,5102.13,1344.08,20,2,15,13,42,32,179952,3
434,-5.26,-0.67,-5.26,5102.13,1344.08,20,2,15,13,42,32,180045,2
435,-3.77,4.16,-3.77,5102.13,1344.07,20,2,15,13,42,34,180877,3
436,0.47,16.40,0.47,5102.13,1344.07,20,2,15,13,42,34,180954,3
437,17.53,18.95,17.53,5102.13,1344.07,20,2,15,13,42,34,181028,1
438,6.43,-20.01,6.43,5102.13,1344.07,20,2,15,13,42,34,181111,3
439,5.92,-0.20,5.92,5102.13,1344.07,20,2,15,13,42,34,181191,2
440,-8.43,-3.22,-8.43,5102.13,1344.07,20,2,15,13,42,34,181406,2
441,-8.43,-3.22,-8.43,5102.13,1344.07,20,2,15,13,42,34,181428,7
442,-1.92,-11.38,-1.92,5102.13,1344.07,20,2,15,13,42,34,181550,2
443,0.08,-5.57,0.08,5102.13,1344.07,20,2,15,13,42,34,181829,3
444,7.18,1.29,7.18,5102.13,1344.07,20,2,15,13,42,34,181976,3
445,10.32,-9.02,10.32,5102.13,1344.07,20,2,15,13,42,34,182566,2
446,-18.36,10.00,-18.36,5102.13,1344.06,20,2,15,13,42,36,182850,2
447,11.30,-13.30,11.30,5102.13,1344.06,20,2,15,13,42,36,183723,1
448,-3.88,-9.96,-3.88,5102.13,1344.06,20,2,15,13,42,36,183871,2
449,0.24,0.04,0.24,5102.13,1344.06,20,2,15,13,42,36,184310,3
450,5.14,8.67,5.14,5102.13,1344.06,20,2,15,13,42,36,184780,1
451,-19.30,14.87,-19.30,5102.13,1344.06,20,2,15,13,42,38,184892,2
452,6.28,19.30,6.28,5102.13,1344.06,20,2,15,13,42,38,185051,2
453,18.28,17.14,18.28,5102.13,1344.06,20,2,15,13,42,38,185157,2
454,-5.53,-14.12,-5.53,5102.13,1344.06,20,2,15,13,42,38,185413,1
455,-0.16,-10.24,-0.16,5102.13,1344.06,20,2,15,13,42,38,185467,2
456,0.82,-14.20,0.82,5102.13,1344.06,20,2,15,13,42,38,185816,2
457,2.39,17.46,2.39,5102.13,1344.06,20,2,15,13,42,38,186045,2
458,2.28,9.65,2.28,5102.13,1344.06,20,2,15,13,42,38,186237,2
459,-7.14,-19.30,-7.14,5102.13,1344.06,20,2,15,13,42,38,186341,2
460,0.24,9.26,0.24,5102.13,1344.06,20,2,15,13,42,38,186416,3
461,0.24,9.26,0.24,5102.13,1344.06,20,2,15,13,42,38,186447,7
462,2.55,2.98,2.55,5102.13,1344.05,20,2,15,13,42,39,186917,2
463,8.12,3.80,8.12,5102.13,1344.05,20,2,15,13,42,39,187114,3
464,0.08,-8.12,0.08,5102.13,1344.05,20,2,15,13,42,39,187174,2
465,-1.22,-4.63,-1.22,5102.13,1344.05,20,2,15,13,42,39,187273,1
466,-12.00,19.46,-12.00,5102.13,1344.05,20,2,15,13,42,39,187535,3
467,-20.01,20.01,-20.01,5102.13,1344.05,20,2,15,13,42,39,187682,1
468,13.34,-19.53,13.34,5102.13,1344.05,20,2,15,13,42,39,188414,2
469,3.22,-3.37,3.22,5102.13,1344.05,20,2,15,13,42,39,188584,2
470,-0.59,-13.85,-0.59,5102.13,1344.05,20,2,15,13,42,42,188974,3
471,1.57,16.79,1.57,5102.13,1344.05,20,2,15,13,42,42,189511,3
472,-2.08,-5.69,-2.08,5102.13,1344.05,20,2,15,13,42,42,189805,1
473,-0.59,-4.94,-0.59,5102.13,1344.05,20,2,15,13,42,42,190143,2
474,0.63,-3.57,0.63,5102.13,1344.04,20,2,15,13,42,44,191449,7
475,-2.59,-5.02,-2.59,5102.13,1344.04,20,2,15,13,42,46,193577,2
476,-1.92,-5.81,-1.92,5102.13,1344.04,20,2,15,13,42,46,193695,2
477,-0.78,-5.45,-0.78,5102.14,1344.03,20,2,15,13,42,48,196450,7
478,0.43,-6.32,0.43,5102.14,1344.03,20,2,15,13,42,50,198780,3
479,-0.90,-12.67,-0.90,5102.14,1344.03,20,2,15,13,42,52,198868,3
480,0.75,-10.63,0.75,5102.14,1344.03,20,2,15,13,42,52,198941,3
481,0.51,-3.69,0.51,5102.14,1344.03,20,2,15,13,42,52,199230,1
482,-0.27,-5.41,-0.27,5102.14,1344.03,20,2,15,13,42,54,201451,7
483,-0.04,-5.30,-0.04,5102.14,1344.03,20,2,15,13,42,58,206453,7
484,-0.16,-5.26,-0.16,5102.14,1344.03,20,2,15,13,43,4,211453,7
485,-0.04,-5.26,-0.04,5102.14,1344.03,20,2,15,13,43,8,216454,7
486,-0.04,-5.30,-0.04,5102.14,1344.03,20,2,15,13,43,14,221456,7
487,-0.12,-5.30,-0.12,5102.14,1344.03,20,2,15,13,43,18,226456,7
488,-0.04,-5.26,-0.04,5102.14,1344.03,20,2,15,13,43,24,231457,7
489,0.00,-5.14,0.00,5102.14,1344.03,20,2,15,13,43,28,236459,7
490,-0.12,-5.22,-0.12,5102.14,1344.03,20,2,15,13,43,34,241459,7
491,-0.16,-5.26,-0.16,5102.14,1344.03,20,2,15,13,43,38,246460,7
492,0.04,-5.45,0.04,5102.14,1344.03,20,2,15,13,43,44,251461,7
