1,-0.35,-1.84,-0.35,0.00,0.00,0,0,0,0,0,0,6631,7
2,-0.27,-1.57,-0.27,5102.14,1344.03,20,2,15,13,36,17,11633,7
3,-0.12,-3.02,-0.12,5102.14,1344.03,20,2,15,13,36,21,16633,7
4,3.14,5.10,3.14,5102.14,1344.03,20,2,15,13,36,27,21634,7
5,-0.27,-1.57,-0.27,5102.14,1344.03,20,2,15,13,36,31,26635,7
6,-0.39,-1.45,-0.39,5102.14,1344.03,20,2,15,13,36,37,31636,7
7,-3.92,-8.20,-3.92,5102.14,1344.03,20,2,15,13,36,41,34996,1
8,-0.20,-0.75,-0.20,5102.14,1344.03,20,2,15,13,36,41,36637,7
9,2.79,-2.67,2.79,5102.14,1344.03,20,2,15,13,36,47,41639,7
10,4.16,-3.10,4.16,5102.14,1344.04,20,2,15,13,36,51,45896,2
11,2.59,4.04,2.59,5102.14,1344.04,20,2,15,13,36,51,46247,2
12,0.24,-4.98,0.24,5102.14,1344.04,20,2,15,13,36,51,46640,7
13,5.14,12.87,5.14,5102.13,1344.04,20,2,15,13,36,53,47401,3
14,0.16,-7.77,0.16,5102.13,1344.04,20,2,15,13,36,53,47651,2
15,2.43,2.98,2.43,5102.13,1344.04,20,2,15,13,36,53,47699,2
16,-2.98,0.47,-2.98,5102.13,1344.04,20,2,15,13,36,55,49211,1
17,-5.77,-10.16,-5.77,5102.13,1344.04,20,2,15,13,36,55,49297,3
18,0.24,6.75,0.24,5102.13,1344.04,20,2,15,13,36,55,50037,2
19,0.82,5.26,0.82,5102.13,1344.04,20,2,15,13,36,55,50229,2
20,-1.65,1.45,-1.65,5102.13,1344.04,20,2,15,13,36,55,50485,3
21,-1.57,-20.01,-1.57,5102.13,1344.05,20,2,15,13,36,57,50741,2
22,-0.94,-6.32,-0.94,5102.13,1344.05,20,2,15,13,36,57,51258,3
23,1.57,-5.26,1.57,5102.13,1344.05,20,2,15,13,36,57,51307,3
24,2.00,-1.41,2.00,5102.13,1344.05,20,2,15,13,36,57,51641,7
25,-0.24,-9.14,-0.24,5102.13,1344.05,20,2,15,13,36,57,52118,3
26,-9.77,-7.88,-9.77,5102.13,1344.05,20,2,15,13,36,57,52638,3
27,-11.38,-14.16,-11.38,5102.13,1344.05,20,2,15,13,36,59,52858,3
28,0.67,-10.51,0.67,5102.13,1344.05,20,2,15,13,36,59,52959,3
29,-0.12,-6.35,-0.12,5102.13,1344.05,20,2,15,13,36,59,53818,2
30,-0.47,2.67,-0.47,5102.13,1344.06,20,2,15,13,37,1,55750,3
31,-4.67,-18.51,-4.67,5102.13,1344.06,20,2,15,13,37,1,55990,3
32,-1.22,-15.02,-1.22,5102.13,1344.06,20,2,15,13,37,1,56055,3
33,-7.06,-0.67,-7.06,5102.13,1344.06,20,2,15,13,37,1,56144,1
34,-4.43,3.26,-4.43,5102.13,1344.06,20,2,15,13,37,1,56247,3
35,7.37,-17.53,7.37,5102.13,1344.06,20,2,15,13,37,1,56360,2
36,-4.82,-20.01,-4.82,5102.13,1344.06,20,2,15,13,37,1,56477,2
37,0.20,-3.33,0.20,5102.13,1344.06,20,2,15,13,37,1,56643,7
38,2.71,-11.81,2.71,5102.13,1344.07,20,2,15,13,37,3,57021,3
39,-0.55,0.04,-0.55,5102.13,1344.07,20,2,15,13,37,3,58464,3
40,0.35,-3.69,0.35,5102.13,1344.07,20,2,15,13,37,3,58639,3
41,-0.75,-1.65,-0.75,5102.13,1344.07,20,2,15,13,37,5,58757,1
42,0.98,-2.12,0.98,5102.13,1344.07,20,2,15,13,37,5,59047,3
43,2.82,-13.85,2.82,5102.13,1344.07,20,2,15,13,37,5,59323,2
44,12.51,-15.61,12.51,5102.13,1344.07,20,2,15,13,37,5,59401,3
45,-20.01,2.28,-20.01,5102.13,1344.07,20,2,15,13,37,5,59811,3
46,1.29,-2.86,1.29,5102.13,1344.07,20,2,15,13,37,5,60325,2
47,-0.67,-6.63,-0.67,5102.13,1344.08,20,2,15,13,37,7,60812,1
48,2.12,4.79,2.12,5102.13,1344.08,20,2,15,13,37,7,60895,3
49,1.57,-4.24,1.57,5102.13,1344.08,20,2,15,13,37,7,60998,3
50,-1.18,-13.18,-1.18,5102.13,1344.08,20,2,15,13,37,7,61276,2
51,3.41,-14.12,3.41,5102.13,1344.08,20,2,15,13,37,7,61418,3
52,7.34,-5.88,7.34,5102.13,1344.08,20,2,15,13,37,7,61644,7
53,-8.51,0.75,-8.51,5102.13,1344.08,20,2,15,13,37,7,61854,3
54,-5.88,-0.86,-5.88,5102.13,1344.08,20,2,15,13,37,7,62143,3
55,4.71,10.00,4.71,5102.13,1344.08,20,2,15,13,37,7,62441,2
56,-5.14,-20.01,-5.14,5102.13,1344.08,20,2,15,13,37,9,62708,2
57,-3.10,15.97,-3.10,5102.13,1344.08,20,2,15,13,37,9,62776,2
58,1.06,-1.73,1.06,5102.13,1344.08,20,2,15,13,37,9,62862,2
59,3.10,-10.55,3.10,5102.13,1344.08,20,2,15,13,37,9,63136,2
60,-4.75,-12.28,-4.75,5102.13,1344.08,20,2,15,13,37,9,63195,3
61,-4.79,-6.86,-4.79,5102.13,1344.08,20,2,15,13,37,9,64021,2
62,5.73,-3.61,5.73,5102.13,1344.08,20,2,15,13,37,9,64263,3
63,0.90,-0.94,0.90,5102.13,1344.08,20,2,15,13,37,9,64338,2
64,-4.28,-4.63,-4.28,5102.13,1344.08,20,2,15,13,37,9,64519,2
65,3.80,-4.08,3.80,5102.12,1344.09,20,2,15,13,37,11,64821,3
66,-3.61,-3.80,-3.61,5102.12,1344.09,20,2,15,13,37,11,65102,1
67,-1.96,-2.71,-1.96,5102.12,1344.09,20,2,15,13,37,11,65232,2
68,9.45,-0.31,9.45,5102.12,1344.09,20,2,15,13,37,11,65797,2
69,-1.29,0.59,-1.29,5102.12,1344.09,20,2,15,13,37,11,66357,3
70,-19.61,8.04,-19.61,5102.12,1344.09,20,2,15,13,37,11,66498,1
71,1.69,-5.06,1.69,5102.12,1344.09,20,2,15,13,37,11,66608,3
72,-20.01,-3.41,-20.01,5102.12,1344.09,20,2,15,13,37,11,66655,7
73,-14.44,-0.24,-14.44,5102.12,1344.10,20,2,15,13,37,13,66830,2
74,-15.93,-8.47,-15.93,5102.12,1344.10,20,2,15,13,37,13,67279,1
75,7.02,-4.98,7.02,5102.12,1344.10,20,2,15,13,37,13,67928,2
76,8.51,11.96,8.51,5102.12,1344.10,20,2,15,13,37,13,68086,3
77,2.82,17.85,2.82,5102.12,1344.10,20,2,15,13,37,13,68192,3
78,-19.53,-14.12,-19.53,5102.12,1344.10,20,2,15,13,37,15,68844,3
79,3.80,-3.49,3.80,5102.12,1344.10,20,2,15,13,37,15,68898,2
80,14.24,-12.67,14.24,5102.12,1344.10,20,2,15,13,37,15,69246,3
81,2.47,-0.63,2.47,5102.12,1344.10,20,2,15,13,37,15,69320,2
82,-6.35,-11.81,-6.35,5102.12,1344.10,20,2,15,13,37,15,69619,1
83,-2.75,-8.32,-2.75,5102.12,1344.10,20,2,15,13,37,15,69684,3
84,-0.39,-2.24,-0.39,5102.12,1344.10,20,2,15,13,37,15,69918,2
85,-3.26,-4.98,-3.26,5102.12,1344.10,20,2,15,13,37,15,70103,2
86,-13.73,-15.38,-13.73,5102.12,1344.10,20,2,15,13,37,15,70450,3
87,-12.59,3.80,-12.59,5102.12,1344.10,20,2,15,13,37,15,70641,3
88,-4.04,-0.39,-4.04,5102.12,1344.11,20,2,15,13,37,17,71341,2
89,-12.83,-20.01,-12.83,5102.12,1344.11,20,2,15,13,37,17,71561,2
90,-2.24,-5.81,-2.24,5102.12,1344.11,20,2,15,13,37,17,71657,7
91,-3.02,3.30,-3.02,5102.12,1344.11,20,2,15,13,37,17,71855,2
92,-2.31,1.65,-2.31,5102.12,1344.11,20,2,15,13,37,17,71923,2
93,1.06,1.65,1.06,5102.12,1344.11,20,2,15,13,37,17,72093,2
94,-14.91,1.57,-14.91,5102.12,1344.11,20,2,15,13,37,17,72186,2
95,-2.63,-16.28,-2.63,5102.12,1344.11,20,2,15,13,37,17,72446,2
96,-1.96,-3.84,-1.96,5102.12,1344.11,20,2,15,13,37,17,72601,1
97,-0.35,-2.47,-0.35,5102.12,1344.13,20,2,15,13,37,21,75824,3
98,2.24,-4.71,2.24,5102.12,1344.13,20,2,15,13,37,21,76657,7
99,-2.67,8.63,-2.67,5102.11,1344.15,20,2,15,13,37,27,81507,1
100,2.16,2.43,2.16,5102.11,1344.15,20,2,15,13,37,27,81562,1
101,-5.26,-4.31,-5.26,5102.11,1344.15,20,2,15,13,37,27,81659,7
102,-19.93,8.83,-19.93,5102.11,1344.15,20,2,15,13,37,27,81773,2
103,-20.01,7.92,-20.01,5102.11,1344.15,20,2,15,13,37,27,81884,3
104,-4.39,-2.63,-4.39,5102.11,1344.15,20,2,15,13,37,27,81963,2
105,-20.01,20.01,-20.01,5102.11,1344.15,20,2,15,13,37,27,82043,2
106,0.82,10.00,0.82,5102.11,1344.15,20,2,15,13,37,27,82357,1
107,-0.82,2.94,-0.82,5102.11,1344.15,20,2,15,13,37,27,82429,2
108,-3.26,-1.80,-3.26,5102.10,1344.16,20,2,15,13,37,29,83233,2
109,-6.98,-1.53,-6.98,5102.10,1344.16,20,2,15,13,37,29,83411,2
110,-8.39,17.97,-8.39,5102.10,1344.16,20,2,15,13,37,29,83535,2
111,-1.92,-3.06,-1.92,5102.10,1344.16,20,2,15,13,37,29,83888,2
112,1.61,2.71,1.61,5102.10,1344.16,20,2,15,13,37,29,84054,2
113,-9.41,4.16,-9.41,5102.10,1344.16,20,2,15,13,37,29,84101,2
114,-0.86,2.59,-0.86,5102.10,1344.16,20,2,15,13,37,29,84289,2
115,9.22,-8.24,9.22,5102.11,1344.16,20,2,15,13,37,31,84912,2
116,-0.27,2.08,-0.27,5102.11,1344.16,20,2,15,13,37,31,85124,3
117,7.61,11.22,7.61,5102.11,1344.16,20,2,15,13,37,31,85705,2
118,12.00,20.01,12.00,5102.11,1344.16,20,2,15,13,37,31,86432,1
119,-4.24,-2.71,-4.24,5102.11,1344.16,20,2,15,13,37,31,86580,3
120,-20.01,-18.16,-20.01,5102.11,1344.16,20,2,15,13,37,31,86630,3
121,-20.01,-18.16,-20.01,5102.11,1344.16,20,2,15,13,37,31,86689,7
122,4.63,1.02,4.63,5102.10,1344.17,20,2,15,13,37,33,86842,3
123,-20.01,-2.04,-20.01,5102.10,1344.17,20,2,15,13,37,33,86897,3
124,-2.04,-19.97,-2.04,5102.10,1344.17,20,2,15,13,37,33,87034,2
125,5.65,7.61,5.65,5102.10,1344.17,20,2,15,13,37,33,87108,2
126,-0.27,2.86,-0.27,5102.10,1344.17,20,2,15,13,37,33,87623,2
127,-9.61,-5.73,-9.61,5102.10,1344.17,20,2,15,13,37,33,88175,2
128,-1.88,1.69,-1.88,5102.10,1344.17,20,2,15,13,37,33,88298,3
129,3.57,0.98,3.57,5102.10,1344.17,20,2,15,13,37,33,88460,1
130,2.47,-1.02,2.47,5102.10,1344.18,20,2,15,13,37,35,88990,2
131,-18.40,-9.57,-18.40,5102.10,1344.18,20,2,15,13,37,35,89197,3
132,0.35,-3.65,0.35,5102.10,1344.18,20,2,15,13,37,35,89306,1
133,-6.20,14.08,-6.20,5102.10,1344.18,20,2,15,13,37,35,89394,1
134,7.10,-3.92,7.10,5102.10,1344.18,20,2,15,13,37,35,89582,1
135,-1.57,-7.45,-1.57,5102.10,1344.18,20,2,15,13,37,35,89965,1
136,-19.69,-20.01,-19.69,5102.10,1344.18,20,2,15,13,37,35,90106,2
137,0.82,11.53,0.82,5102.10,1344.18,20,2,15,13,37,35,90511,2
138,-4.00,-1.96,-4.00,5102.10,1344.18,20,2,15,13,37,35,90603,3
139,8.43,-3.41,8.43,5102.10,1344.19,20,2,15,13,37,37,90908,2
140,2.16,0.98,2.16,5102.10,1344.19,20,2,15,13,37,37,91074,2
141,-1.69,-7.14,-1.69,5102.10,1344.19,20,2,15,13,37,37,91551,2
142,-5.69,-4.20,-5.69,5102.10,1344.19,20,2,15,13,37,37,91692,7
143,-2.82,-11.57,-2.82,5102.10,1344.19,20,2,15,13,37,37,91764,3
144,-3.30,-7.22,-3.30,5102.10,1344.19,20,2,15,13,37,39,93103,2
145,5.49,13.57,5.49,5102.10,1344.19,20,2,15,13,37,39,93780,3
146,-5.02,0.67,-5.02,5102.10,1344.19,20,2,15,13,37,39,93852,3
147,4.86,-2.94,4.86,5102.10,1344.19,20,2,15,13,37,39,94003,3
148,20.01,-1.69,20.01,5102.10,1344.19,20,2,15,13,37,39,94148,3
149,1.29,-10.59,1.29,5102.10,1344.20,20,2,15,13,37,41,95050,3
150,1.06,-0.43,1.06,5102.10,1344.20,20,2,15,13,37,41,96692,7
151,19.14,10.04,19.14,5102.10,1344.21,20,2,15,13,37,43,98203,2
152,-2.51,-8.00,-2.51,5102.10,1344.21,20,2,15,13,37,43,98341,2
153,-3.65,6.71,-3.65,5102.10,1344.21,20,2,15,13,37,45,99872,2
154,-7.45,-3.45,-7.45,5102.10,1344.21,20,2,15,13,37,45,100671,3
155,1.29,-6.63,1.29,5102.10,1344.22,20,2,15,13,37,47,100911,2
156,-0.71,-4.24,-0.71,5102.10,1344.22,20,2,15,13,37,47,101545,3
157,8.47,9.73,8.47,5102.10,1344.22,20,2,15,13,37,47,101694,7
158,1.14,-0.82,1.14,5102.10,1344.22,20,2,15,13,37,47,101760,2
159,1.14,2.86,1.14,5102.10,1344.22,20,2,15,13,37,47,101876,2
160,-3.53,-3.92,-3.53,5102.10,1344.22,20,2,15,13,37,47,102383,2
161,0.35,-1.73,0.35,5102.09,1344.23,20,2,15,13,37,49,103836,2
162,-0.71,2.12,-0.71,5102.09,1344.23,20,2,15,13,37,49,104342,3
163,14.12,0.00,14.12,5102.09,1344.23,20,2,15,13,37,49,104696,2
164,-11.96,-20.01,-11.96,5102.09,1344.24,20,2,15,13,37,51,104830,1
165,1.29,-13.53,1.29,5102.09,1344.24,20,2,15,13,37,51,104964,2
166,-7.57,-7.53,-7.57,5102.09,1344.24,20,2,15,13,37,51,105161,3
167,0.16,-4.67,0.16,5102.09,1344.24,20,2,15,13,37,51,106271,2
168,-4.16,-7.92,-4.16,5102.09,1344.24,20,2,15,13,37,51,106695,7
169,-0.55,-2.71,-0.55,5102.09,1344.24,20,2,15,13,37,51,106753,3
170,-1.29,-11.89,-1.29,5102.09,1344.24,20,2,15,13,37,53,107274,3
171,8.87,6.28,8.87,5102.09,1344.24,20,2,15,13,37,53,107787,2
172,0.51,-3.10,0.51,5102.09,1344.24,20,2,15,13,37,53,107978,2
173,4.16,-3.30,4.16,5102.09,1344.24,20,2,15,13,37,53,108300,2
174,6.63,-6.86,6.63,5102.09,1344.24,20,2,15,13,37,53,108358,2
175,-1.45,-9.57,-1.45,5102.09,1344.25,20,2,15,13,37,55,109009,2
176,20.01,-20.01,20.01,5102.09,1344.25,20,2,15,13,37,55,109419,2
177,-0.39,-0.86,-0.39,5102.09,1344.26,20,2,15,13,37,57,111380,2
178,-4.63,-8.43,-4.63,5102.09,1344.26,20,2,15,13,37,57,111529,2
179,-4.04,-2.94,-4.04,5102.09,1344.26,20,2,15,13,37,57,111697,7
180,-1.57,2.75,-1.57,5102.09,1344.26,20,2,15,13,37,59,113602,2
181,-0.35,0.71,-0.35,5102.09,1344.26,20,2,15,13,37,59,114535,1
182,-1.57,-3.30,-1.57,5102.09,1344.26,20,2,15,13,37,59,114697,2
183,-16.79,-13.06,-16.79,5102.09,1344.27,20,2,15,13,38,1,115221,3
184,-0.71,-2.79,-0.71,5102.09,1344.27,20,2,15,13,38,1,116652,2
185,-0.94,-0.39,-0.94,5102.09,1344.27,20,2,15,13,38,1,116703,7
186,-0.67,-9.10,-0.67,5102.08,1344.28,20,2,15,13,38,3,117035,3
187,-0.12,-3.84,-0.12,5102.08,1344.28,20,2,15,13,38,3,117431,3
188,-3.41,0.78,-3.41,5102.08,1344.28,20,2,15,13,38,3,117819,3
189,-4.51,-10.28,-4.51,5102.08,1344.28,20,2,15,13,38,3,118124,3
190,3.65,-3.06,3.65,5102.08,1344.28,20,2,15,13,38,3,118265,3
191,0.47,-1.73,0.47,5102.08,1344.28,20,2,15,13,38,3,118746,2
192,-0.67,-2.82,-0.67,5102.08,1344.29,20,2,15,13,38,5,119196,1
193,1.06,-6.47,1.06,5102.08,1344.29,20,2,15,13,38,7,121589,2
194,0.16,-4.79,0.16,5102.08,1344.29,20,2,15,13,38,7,121703,7
195,-0.55,-5.81,-0.55,5102.08,1344.29,20,2,15,13,38,7,122008,2
196,-1.02,-2.20,-1.02,5102.08,1344.31,20,2,15,13,38,11,126705,7
197,-2.31,-3.22,-2.31,5102.08,1344.32,20,2,15,13,38,13,127868,2
198,0.51,-1.49,0.51,5102.08,1344.33,20,2,15,13,38,15,129073,2
199,0.63,-3.10,0.63,5102.08,1344.33,20,2,15,13,38,15,129460,2
200,-1.10,-3.53,-1.10,5102.08,1344.33,20,2,15,13,38,15,129731,2
201,0.27,-7.57,0.27,5102.08,1344.33,20,2,15,13,38,15,129894,2
202,0.00,-3.92,0.00,5102.08,1344.33,20,2,15,13,38,15,130008,2
203,-0.67,-3.45,-0.67,5102.08,1344.33,20,2,15,13,38,15,130298,2
204,0.12,-3.33,0.12,5102.08,1344.33,20,2,15,13,38,15,130391,2
205,0.16,-3.06,0.16,5102.08,1344.33,20,2,15,13,38,15,130457,2
206,0.43,-6.71,0.43,5102.08,1344.33,20,2,15,13,38,15,130526,2
207,-0.31,-6.71,-0.31,5102.07,0.00,20,2,15,13,38,17,130862,2
208,-0.71,-5.92,-0.71,5102.07,0.00,20,2,15,13,38,17,130931,2
209,-0.31,-4.63,-0.31,5102.07,0.00,20,2,15,13,38,17,131001,2
210,0.86,-8.08,0.86,5102.07,0.00,20,2,15,13,38,17,131307,2
211,-2.94,-4.79,-2.94,5102.07,0.00,20,2,15,13,38,17,131421,2
212,-2.35,-4.47,-2.35,5102.07,0.00,20,2,15,13,38,17,131705,2
213,-2.35,-4.47,-2.35,5102.07,0.00,20,2,15,13,38,17,131724,7
214,-0.86,-3.80,-0.86,5102.07,0.00,20,2,15,13,38,17,131845,2
215,-1.96,-7.49,-1.96,5102.07,0.00,20,2,15,13,38,17,132612,3
216,2.04,-0.55,2.04,5102.07,1344.35,20,2,15,13,38,21,136724,7
217,-0.94,-1.84,-0.94,5102.07,1344.36,20,2,15,13,38,23,137200,3
218,1.10,-8.08,1.10,5102.07,1344.36,20,2,15,13,38,23,138608,2
219,-2.28,-9.22,-2.28,5102.07,1344.37,20,2,15,13,38,25,138867,1
220,-0.43,-5.53,-0.43,5102.07,1344.37,20,2,15,13,38,25,140124,2
221,2.04,-0.04,2.04,5102.06,1344.38,20,2,15,13,38,27,141725,7
222,1.84,-5.57,1.84,5102.06,1344.38,20,2,15,13,38,27,142702,2
223,1.69,-2.08,1.69,5102.06,1344.38,20,2,15,13,38,29,142869,2
224,1.18,-1.65,1.18,5102.06,1344.39,20,2,15,13,38,31,146726,7
225,1.53,-0.98,1.53,5102.06,1344.41,20,2,15,13,38,35,149239,2
226,-1.10,-2.47,-1.10,5102.06,1344.42,20,2,15,13,38,37,151727,7
227,-1.41,-5.92,-1.41,5102.05,1344.42,20,2,15,13,38,39,154200,2
228,0.51,-5.84,0.51,5102.05,1344.43,20,2,15,13,38,41,155455,2
229,-0.04,-5.88,-0.04,5102.05,1344.43,20,2,15,13,38,41,155537,2
230,1.10,-7.65,1.10,5102.05,1344.43,20,2,15,13,38,41,155617,2
231,1.41,-2.59,1.41,5102.05,1344.43,20,2,15,13,38,41,155954,3
232,0.51,1.29,0.51,5102.05,1344.43,20,2,15,13,38,41,156342,3
233,-3.14,-6.32,-3.14,5102.05,1344.43,20,2,15,13,38,41,156591,2
234,-0.43,-3.73,-0.43,5102.05,1344.43,20,2,15,13,38,41,156729,7
235,0.94,-1.02,0.94,5102.05,1344.43,20,2,15,13,38,41,156778,2
236,1.33,-4.94,1.33,5102.05,1344.44,20,2,15,13,38,43,157356,2
237,-1.49,-2.86,-1.49,5102.05,1344.45,20,2,15,13,38,45,159422,2
238,1.73,-5.26,1.73,5102.05,1344.45,20,2,15,13,38,45,159688,2
239,1.10,-2.00,1.10,5102.05,1344.45,20,2,15,13,38,45,160621,3
240,-0.63,-6.98,-0.63,5102.05,1344.45,20,2,15,13,38,45,160789,2
241,2.47,-4.86,2.47,5102.05,1344.46,20,2,15,13,38,47,161730,7
242,-2.24,-4.28,-2.24,5102.05,1344.48,20,2,15,13,38,51,165518,3
243,-1.22,-4.20,-1.22,5102.05,1344.48,20,2,15,13,38,51,166569,2
244,-1.80,0.51,-1.80,5102.05,1344.48,20,2,15,13,38,51,166691,2
245,0.16,-3.69,0.16,5102.05,1344.48,20,2,15,13,38,51,166743,7
246,2.39,-5.06,2.39,5102.04,1344.48,20,2,15,13,38,53,167218,2
247,-1.49,-5.06,-1.49,5102.04,1344.48,20,2,15,13,38,53,167383,2
248,-3.84,-0.86,-3.84,5102.04,1344.48,20,2,15,13,38,53,167736,1
249,0.08,-3.41,0.08,5102.04,1344.48,20,2,15,13,38,53,167821,2
250,0.16,-7.57,0.16,5102.04,1344.48,20,2,15,13,38,53,168776,3
251,1.41,-2.51,1.41,5102.04,1344.49,20,2,15,13,38,55,169978,3
252,1.37,-2.35,1.37,5102.04,1344.50,20,2,15,13,38,57,171073,2
253,-0.24,-4.12,-0.24,5102.04,1344.50,20,2,15,13,38,57,171742,7
254,-0.47,-2.59,-0.47,5102.04,1344.51,20,2,15,13,38,59,172960,3
255,1.33,-7.45,1.33,5102.04,1344.52,20,2,15,13,39,1,175125,1
256,2.04,-5.14,2.04,5102.04,1344.52,20,2,15,13,39,1,175417,1
257,-0.94,-3.92,-0.94,5102.04,1344.52,20,2,15,13,39,1,175939,3
258,3.26,-4.16,3.26,5102.04,1344.52,20,2,15,13,39,1,176476,2
259,0.75,-3.41,0.75,5102.04,1344.52,20,2,15,13,39,1,176744,7
260,-0.04,-3.65,-0.04,5102.03,1344.54,20,2,15,13,39,7,181746,7
261,-0.39,-5.65,-0.39,5102.03,1344.55,20,2,15,13,39,11,186747,7
262,-0.16,-5.26,-0.16,5102.03,1344.55,20,2,15,13,39,17,191748,7
263,-0.63,-4.98,-0.63,5102.03,1344.55,20,2,15,13,39,21,196750,7
264,2.31,-9.41,2.31,5102.03,1344.55,20,2,15,13,39,23,197556,2
265,0.20,-3.57,0.20,5102.03,1344.55,20,2,15,13,39,23,197678,2
266,-0.27,-6.47,-0.27,5102.03,1344.55,20,2,15,13,39,23,197743,2
267,-0.24,-4.55,-0.24,5102.03,1344.55,20,2,15,13,39,23,197905,2
268,-0.55,-4.86,-0.55,5102.03,1344.55,20,2,15,13,39,27,201750,7